5 28 8 53 8 10 
16 30 73 18 68 92 59 73 47 17 21 25 74 77 36 94 5 
20 41 92 28 77 86 77 19 77 37 87 24 64 15 98 69 92 10 68 72 63 
8 51 10 61 87 10 99 37 17 
9 21 93 42 87 63 10 84 42 42 
9 51 8 85 23 96 53 34 3 15 
14 82 5 87 93 0 25 18 4 40 8 21 10 67 6 
9 4 29 18 74 81 21 98 58 64 
8 92 7 67 5 91 24 18 3 
14 15 93 62 34 94 5 18 24 86 10 32 38 91 20 
3 77 87 96 
12 1 72 94 3 42 95 18 23 61 8 92 81 
10 18 10 71 64 77 81 65 7 18 70 
4 62 17 38 92 
10 95 9 92 92 34 40 63 63 6 18 
10 10 91 87 92 42 37 94 77 72 26 
17 94 82 10 48 77 21 90 17 24 92 95 24 73 91 24 79 77 
13 12 48 15 25 6 7 77 61 18 5 23 7 94 
6 28 29 4 47 3 52 
11 20 32 53 53 94 37 56 24 1 80 64 
15 24 62 3 72 7 93 17 52 23 64 77 24 59 3 24 
18 95 7 8 64 60 32 21 64 59 56 24 63 34 28 8 62 77 24 
9 24 67 24 10 77 92 62 15 94 
16 87 92 77 60 64 25 91 93 30 3 24 64 59 4 96 30 
3 71 51 80 
5 63 15 72 3 80 
9 32 28 58 18 62 15 3 23 23 
10 21 73 23 62 3 29 15 42 3 58 
2 77 10 
7 86 53 10 41 60 20 63 
12 82 92 29 38 85 93 21 18 71 64 77 53 
8 64 30 10 3 93 15 72 21 
8 94 79 51 53 77 24 96 77 
10 38 36 4 38 62 64 64 38 20 24 
6 21 64 77 79 64 33 
13 69 62 98 92 95 73 21 8 68 63 24 3 18 
19 28 64 53 32 96 21 93 61 92 81 7 93 93 6 21 95 4 64 64 
6 41 28 87 21 18 3 
10 24 38 62 93 10 33 94 4 3 84 
11 38 95 37 24 63 59 41 3 8 24 38 
8 10 99 17 20 18 49 64 62 
8 77 5 63 18 86 84 56 64 
13 24 92 6 10 30 63 21 77 24 24 38 91 4 
8 17 34 21 73 48 37 55 93 
10 30 27 91 84 98 29 21 73 27 98 
11 25 77 38 67 3 77 38 40 34 59 96 
13 92 22 93 38 27 73 52 23 94 75 3 6 38 
6 15 10 67 41 21 7 
5 53 25 18 34 98 
6 98 62 15 23 81 1 
8 35 87 56 38 53 62 73 62 
10 51 77 58 68 51 29 34 40 23 27 
8 81 8 24 20 51 8 42 77 
6 38 21 93 37 64 3 
14 25 64 17 10 17 3 35 18 18 27 84 93 62 8 
10 71 86 57 30 4 36 96 98 50 40 
5 93 64 87 38 18 
13 98 77 64 84 76 92 48 61 30 77 20 57 93 
8 23 3 32 94 27 41 7 36 
7 75 6 24 17 98 96 18 
14 91 21 10 52 3 30 3 96 4 55 3 93 30 77 
14 81 20 12 48 86 84 77 91 64 18 28 32 3 55 
7 23 3 32 94 27 41 7 
10 86 31 18 3 24 18 24 40 3 62 
6 91 23 37 78 98 55 
15 94 17 10 3 4 75 41 80 98 98 87 92 98 62 14 
5 3 93 41 82 17 
12 94 64 85 21 41 98 76 58 20 23 64 69 
13 28 18 8 93 12 28 3 30 77 21 80 1 52 
7 18 76 24 92 36 32 34 
11 73 21 41 15 31 84 24 93 22 8 74 
3 77 92 38 
12 94 98 41 10 15 18 92 64 53 62 28 3 
9 25 93 62 10 87 35 28 63 65 
14 82 58 28 37 93 33 72 91 51 59 72 15 51 24 
13 86 94 15 3 92 63 64 92 3 82 93 24 21 
11 75 30 24 78 14 10 44 3 38 23 18 
14 62 5 75 73 84 4 73 1 69 41 62 25 77 95 
10 72 41 93 77 87 77 91 37 51 38 
8 15 37 86 34 73 8 23 23 
11 41 73 67 30 76 92 48 91 53 18 64 
13 3 8 77 72 77 8 93 27 57 7 10 58 17 
10 92 92 22 93 93 38 73 32 30 34 
14 67 42 38 40 52 82 91 93 93 59 8 91 96 68 
18 91 5 61 10 73 56 15 94 62 87 78 20 18 30 61 8 53 56 
8 64 31 18 77 43 84 17 61 
9 10 38 21 10 77 1 18 64 72 
5 93 6 87 73 5 
12 59 63 34 81 3 41 92 84 87 3 93 87 
6 3 59 16 18 20 34 
9 28 77 93 24 1 51 28 4 28 
10 85 6 67 4 90 92 38 4 24 84 
9 77 15 73 63 64 87 51 63 87 
12 87 77 64 23 52 24 23 38 25 94 61 5 
12 94 58 86 24 29 3 34 14 94 53 73 18 
10 87 98 21 92 58 41 61 22 94 20 
12 92 67 74 93 3 71 75 58 45 65 63 15 
14 10 92 77 91 77 92 1 92 37 77 1 16 58 29 
15 4 77 15 41 41 82 20 8 81 64 98 3 5 59 29 
4 23 14 93 55 
11 92 64 96 30 87 24 29 3 64 15 37 
7 87 84 38 93 30 41 3 
18 53 24 6 98 93 41 9 80 35 82 17 10 98 18 28 64 84 36 
9 19 38 84 21 95 62 94 6 23 
8 10 15 91 21 3 30 41 24 
10 41 77 75 91 34 18 29 18 51 61 
18 68 94 93 38 4 21 85 93 71 58 76 98 72 92 1 20 44 52 
12 64 25 4 8 82 64 15 44 15 81 20 98 
10 5 86 18 15 51 4 21 94 70 42 
17 10 8 51 55 61 71 52 64 51 38 18 77 98 7 64 24 80 
11 30 41 58 29 29 62 64 72 3 84 63 
4 3 64 93 94 
6 59 23 77 98 3 36 
14 75 18 20 93 58 36 81 77 95 95 41 17 8 18 
5 40 61 24 40 88 
13 58 86 71 61 22 94 20 18 64 85 33 21 62 
3 87 41 44 
8 64 58 3 4 6 48 3 77 
4 73 79 7 93 
15 88 18 20 35 1 87 8 24 81 21 28 32 77 90 18 
15 4 84 8 35 74 67 63 75 84 80 56 24 58 93 77 
14 73 70 64 54 93 4 52 24 23 38 25 29 64 74 
7 92 84 28 82 37 38 40 
8 24 98 98 93 36 7 30 36 
4 51 34 3 58 
13 51 76 6 4 21 15 28 41 95 86 29 8 98 
8 42 58 63 77 8 44 38 93 
11 93 91 3 85 37 53 38 37 28 21 87 
7 18 30 58 51 63 3 92 
12 77 32 34 71 10 21 98 12 53 21 24 18 
9 90 79 26 92 3 74 94 64 98 
11 51 94 67 63 87 23 30 91 76 1 24 
4 64 93 73 79 
8 97 92 42 3 45 18 75 72 
9 10 6 41 38 98 86 60 85 73 
10 81 10 21 24 29 93 96 70 51 8 
9 38 4 15 25 53 58 29 98 28 
10 71 20 58 86 71 87 85 37 72 91 
12 10 67 6 91 8 94 86 65 58 25 37 84 
12 36 34 77 21 24 64 15 98 47 73 3 18 
14 41 92 28 77 86 77 19 63 9 67 95 38 8 94 
6 28 3 63 82 93 24 
17 8 73 77 38 82 37 62 64 23 3 3 3 16 24 7 26 20 
8 8 76 93 62 23 93 30 56 
19 93 67 30 93 93 81 24 87 34 3 62 51 8 48 21 75 96 42 8 
5 64 15 93 29 61 
10 35 1 56 87 22 8 41 15 22 38 
7 73 73 92 25 64 59 17 
3 96 15 21 
12 59 68 38 94 63 37 10 85 5 3 17 37 
18 29 73 29 64 55 73 23 7 60 23 59 63 75 61 3 75 33 64 
7 10 95 47 91 52 38 90 
9 18 87 5 84 98 77 1 92 68 
3 92 24 42 
6 73 64 1 3 7 64 
9 28 8 18 3 94 44 15 41 86 
6 56 75 24 21 77 5 
11 41 63 21 39 92 24 30 61 63 77 3 
11 77 84 23 64 29 92 3 73 3 87 5 
8 91 81 92 64 18 37 93 52 
10 64 77 24 24 70 51 15 64 84 37 
12 1 64 91 62 18 53 20 87 93 62 1 64 
15 93 94 84 10 84 10 69 92 61 18 53 77 95 3 3 
15 72 41 93 95 87 30 86 51 95 87 93 18 18 62 41 
10 30 98 73 28 85 8 15 21 63 24 
6 14 30 86 32 82 92 
14 8 24 63 28 51 84 16 93 21 87 8 77 48 34 
11 87 95 76 23 95 24 61 93 92 21 62 
9 38 56 10 8 53 56 98 55 91 
11 93 94 84 10 84 93 8 72 24 73 10 
11 9 77 18 28 18 8 1 72 18 23 41 
17 62 74 42 56 15 28 82 52 20 58 55 58 96 27 6 44 3 
11 36 86 64 33 98 38 91 96 93 24 88 
8 59 59 92 38 10 73 81 41 
7 92 94 57 9 64 38 53 
10 86 63 55 93 91 21 21 38 38 68 
10 92 29 5 68 37 15 40 4 92 25 
12 94 58 86 20 77 28 3 24 21 18 23 63 
7 15 10 91 62 77 18 17 
17 35 63 15 77 93 64 34 23 96 29 98 93 97 4 40 34 64 
6 58 92 3 41 77 77 
12 17 92 75 38 88 64 51 26 77 36 40 26 
19 59 5 23 58 14 17 91 87 98 98 75 98 5 28 51 73 18 86 3 
12 21 96 24 0 75 98 15 45 51 63 29 20 
14 42 75 69 18 48 32 71 77 61 64 73 77 64 17 
7 38 23 37 99 62 24 87 
5 96 77 6 3 41 
9 86 31 18 53 98 77 28 23 36 
19 19 56 63 77 87 98 73 79 3 81 38 77 55 48 4 4 17 28 33 
7 28 63 72 23 61 8 21 
6 53 42 64 73 5 5 
14 10 85 5 3 17 37 73 67 84 24 73 36 55 3 
11 28 64 4 21 16 91 71 93 29 82 3 
10 93 38 3 62 18 4 67 95 32 58 
5 3 54 82 15 3 
13 58 77 53 75 33 32 29 58 42 95 10 53 18 
13 64 5 70 8 93 95 4 10 3 53 10 67 6 
16 96 42 8 94 56 32 92 74 40 45 64 42 18 38 36 90 
16 17 93 56 51 91 73 41 24 92 6 10 30 63 41 38 15 
12 84 64 18 40 53 77 93 10 67 29 24 8 
15 93 17 73 95 28 10 93 77 62 17 24 91 4 52 41 
7 93 81 32 68 75 21 37 
17 41 34 28 3 59 64 94 75 20 8 81 64 98 20 15 52 21 
12 1 24 20 53 3 21 75 84 3 18 79 48 
6 3 58 98 48 30 30 
10 92 3 41 77 77 8 84 36 21 4 
12 75 5 25 60 24 62 74 84 29 86 38 44 
15 32 5 69 95 74 81 92 21 24 91 3 20 27 38 27 
10 15 67 94 56 59 3 38 91 14 29 
7 71 75 58 45 8 32 79 
8 17 93 1 24 74 1 77 17 
15 18 67 64 85 28 26 93 52 51 10 72 84 89 93 98 
13 22 15 64 73 64 77 48 71 92 91 15 18 8 
12 77 24 17 70 71 29 51 30 73 15 98 64 
20 21 77 49 84 3 92 4 3 21 29 41 86 21 21 21 36 23 51 98 56 
12 64 4 42 96 30 28 59 21 18 0 54 24 
4 93 94 58 87 
12 3 28 86 64 98 24 32 33 94 4 3 41 
6 38 8 33 24 93 77 
11 37 10 10 77 93 20 30 64 30 10 51 
9 3 70 37 24 25 29 87 64 92 
11 78 20 18 30 61 98 73 70 77 23 11 
8 22 28 38 6 93 77 98 21 
5 21 52 58 5 53 
13 92 77 62 19 93 37 25 15 28 77 61 55 94 
13 69 93 93 58 77 17 98 91 21 34 53 5 87 
9 41 38 15 28 51 98 28 77 17 
7 51 41 84 29 35 28 59 
15 77 4 94 3 15 38 41 3 64 28 8 91 21 52 64 
4 8 73 61 74 
4 10 38 15 6 
13 77 73 63 77 94 38 75 29 3 34 14 59 34 
6 21 11 18 61 34 51 
9 18 35 61 21 64 18 52 37 84 
13 55 94 76 62 77 29 87 75 95 7 8 64 60 
17 10 8 21 64 62 77 69 79 29 87 98 3 27 64 77 98 16 
9 18 95 52 34 92 4 67 96 92 
14 93 30 73 86 8 21 86 98 77 51 52 74 25 86 
9 3 93 41 82 17 92 64 74 58 
14 24 93 28 52 85 63 87 96 4 98 56 93 63 48 
14 58 67 23 21 3 92 25 81 15 62 17 38 19 16 
8 64 91 79 61 37 6 10 37 
10 64 65 21 38 3 61 77 25 24 21 
14 74 77 79 41 79 5 10 96 8 4 15 5 25 22 
13 36 98 30 62 63 55 84 92 25 30 10 24 95 
15 37 24 74 30 3 77 41 70 64 23 67 64 24 86 18 
12 95 76 1 24 17 28 63 84 98 3 8 84 
15 59 90 87 67 17 79 93 5 99 30 67 64 58 3 93 
9 64 10 15 54 93 17 18 93 8 
11 72 64 28 37 63 94 84 82 65 5 77 
12 86 5 98 98 98 96 37 58 72 93 51 1 
8 18 76 97 92 42 3 15 17 
17 68 59 18 41 30 77 95 62 8 77 98 51 45 24 36 21 77 
5 3 86 56 25 91 
9 94 75 99 63 3 84 87 64 15 
15 64 25 4 72 21 14 53 3 28 4 4 8 21 44 62 
11 63 72 92 62 3 98 38 32 21 39 30 
18 71 75 58 45 21 18 17 28 90 48 92 73 98 67 10 29 63 14 
11 53 5 4 3 3 29 41 61 22 94 20 
6 25 37 92 5 93 53 
12 73 62 91 82 85 8 40 21 42 18 63 2 
8 75 59 80 38 15 77 77 84 
8 15 4 87 21 87 21 24 93 
14 29 21 8 64 92 38 38 92 73 10 4 93 36 8 
9 10 53 15 3 63 27 51 18 91 
7 91 18 24 94 86 38 27 
8 8 38 29 61 21 10 17 3 
13 93 30 96 73 58 2 25 38 21 93 3 93 3 
9 15 29 47 79 51 93 17 52 23 
10 96 8 25 41 59 79 24 39 45 64 
8 10 15 93 42 91 25 3 82 
5 97 77 51 39 38 
5 4 15 77 73 92 
18 95 1 17 34 17 21 25 74 77 42 10 23 3 32 94 27 41 7 
5 74 67 89 4 94 
13 24 51 18 93 95 52 64 84 72 21 20 25 37 
10 41 62 92 8 37 96 26 64 38 91 
8 36 34 98 18 87 73 64 33 
10 3 64 67 38 3 10 73 15 25 3 
10 28 35 71 86 98 61 1 10 24 27 
9 51 10 18 94 21 15 51 67 38 
10 3 64 84 21 8 4 18 41 28 95 
10 60 77 64 77 74 91 36 64 3 77 
5 20 23 63 79 95 
9 87 85 37 72 91 6 49 3 34 
9 75 6 31 16 18 64 91 98 18 
14 64 41 35 75 92 3 80 77 64 16 38 53 75 82 
11 18 73 40 38 20 38 10 63 55 93 91 
10 95 51 18 95 85 51 24 8 64 77 
6 84 28 21 16 4 21 
12 91 8 91 38 62 2 93 10 29 61 18 92 
9 77 20 25 84 73 72 53 77 56 
9 87 3 1 64 70 95 75 74 91 
17 79 30 18 40 29 64 92 23 96 15 79 98 64 69 25 21 28 
10 37 24 14 21 77 77 11 8 18 17 
14 18 25 28 95 10 10 41 86 35 30 38 95 84 18 
24 41 73 94 62 29 98 95 64 94 84 38 82 62 24 93 18 8 21 21 41 21 17 15 73 
7 4 42 38 38 36 18 62 
11 61 60 73 84 4 10 94 4 64 3 69 
14 81 7 93 93 6 21 17 21 25 74 77 84 6 15 
4 87 72 27 63 
9 52 94 15 77 24 54 35 79 75 
17 5 53 41 84 21 21 15 26 94 22 98 21 85 38 61 18 76 
9 10 6 16 17 20 24 18 92 29 
10 53 93 28 18 8 87 59 17 10 24 
11 64 23 77 98 33 58 21 52 92 4 67 
8 84 4 73 1 98 58 64 36 
9 99 73 81 31 76 17 1 5 15 
15 61 73 5 32 23 1 93 3 93 82 41 62 30 10 51 
7 96 92 97 18 94 21 17 
11 87 1 84 64 6 62 24 56 28 79 24 
11 34 59 96 4 61 59 42 18 38 36 90 
10 25 26 36 87 94 28 14 74 63 93 
12 64 77 3 3 57 93 27 34 34 74 92 87 
8 53 18 92 51 38 28 73 21 
8 8 53 56 98 45 38 76 28 
9 25 71 24 3 84 51 42 95 18 
6 73 38 45 23 16 70 
9 17 24 94 74 51 20 30 34 34 
10 36 53 84 3 61 23 93 98 63 64 
14 30 18 73 55 75 24 13 91 85 24 71 63 77 20 
10 91 8 63 15 98 73 3 35 98 25 
10 23 62 14 93 48 53 16 19 79 36 
7 84 18 4 51 29 74 95 
10 95 3 21 41 93 61 62 77 18 17 
11 3 63 3 92 38 3 75 40 21 32 72 
5 58 64 73 10 64 
4 29 95 86 21 
8 58 63 77 8 44 38 15 93 
14 41 70 98 95 86 94 91 18 94 38 15 3 95 87 
6 38 1 63 75 54 41 
13 18 61 3 75 33 64 15 53 21 87 94 98 64 
13 23 92 4 15 18 15 30 93 71 29 73 91 61 
6 15 41 41 82 96 42 
14 86 48 80 20 94 70 42 61 1 36 21 93 61 62 
11 15 98 87 28 93 70 29 64 84 24 62 
13 93 94 94 36 38 64 18 8 84 24 73 91 94 
5 81 77 98 64 77 
7 40 3 38 15 3 95 87 
11 93 24 10 91 93 8 5 8 62 75 63 
7 37 10 10 74 27 84 86 
7 22 89 1 1 1 37 40 
7 41 96 93 84 42 98 86 
14 3 41 75 58 87 41 28 3 20 18 8 23 42 55 
9 94 10 21 77 62 29 86 94 36 
11 38 75 58 29 4 24 95 21 38 38 0 
13 24 93 38 51 30 59 74 8 15 42 15 62 67 
2 42 91 
10 62 52 90 93 84 64 23 6 73 95 
13 28 3 52 84 73 89 5 21 11 18 61 34 51 
16 77 34 30 23 64 93 1 18 10 62 98 93 62 38 58 20 
10 77 92 62 72 93 51 1 18 92 77 
6 54 95 21 98 62 6 
7 64 79 25 38 41 56 77 
13 29 16 21 38 92 42 18 17 67 77 88 63 18 
8 21 17 92 61 3 18 75 72 
6 17 53 25 14 77 8 
9 64 93 92 14 18 87 23 62 8 
7 84 24 92 41 76 34 38 
12 28 15 91 10 69 36 38 8 80 1 40 58 
2 94 8 
17 5 21 37 41 3 30 71 24 64 3 8 30 62 21 15 71 23 
21 87 87 1 77 24 24 76 41 42 92 84 34 25 85 24 24 86 85 77 77 37 
15 10 24 87 77 38 51 42 17 6 24 48 73 61 97 19 
16 59 28 38 61 28 92 15 15 59 8 21 87 87 1 77 24 
8 84 62 3 64 84 99 6 62 
7 90 92 38 84 87 3 93 
10 84 10 73 3 38 94 19 54 92 15 
3 3 93 93 
12 73 3 64 3 73 87 3 92 29 34 40 29 
14 38 65 96 8 28 87 87 77 72 15 77 35 1 36 
6 93 64 18 77 98 92 
8 38 86 21 59 87 73 71 18 
5 23 42 74 30 1 
9 98 3 3 79 25 59 67 72 98 
7 77 64 3 98 48 41 90 
13 61 30 86 87 93 17 52 23 8 24 63 91 27 
6 18 20 92 4 98 20 
4 4 29 18 74 
4 69 98 75 53 
11 93 23 35 24 10 28 64 49 62 84 14 
9 99 70 62 93 86 73 29 98 16 
4 98 93 74 64 
6 97 77 51 39 38 62 
7 20 73 58 21 15 15 93 
10 93 20 63 6 42 63 48 24 58 21 
10 90 28 64 64 3 87 28 3 37 97 
12 67 29 69 4 64 17 15 23 49 38 10 5 
12 18 34 58 77 17 41 6 58 30 53 6 92 
11 34 73 94 28 6 52 98 63 20 1 28 
12 8 56 63 87 18 41 37 3 75 18 18 56 
17 64 61 28 15 98 21 17 5 98 27 3 98 12 53 21 24 18 
13 64 35 44 61 91 14 17 22 18 15 62 64 63 
10 29 59 19 27 41 41 94 99 15 10 
15 37 3 3 20 25 96 28 62 51 81 64 30 24 73 30 
15 64 77 32 67 77 21 37 5 55 23 91 24 3 91 15 
6 87 87 41 95 8 95 
9 61 93 1 93 3 98 77 64 84 
8 3 12 5 53 79 61 84 93 
11 6 59 94 77 91 41 3 5 23 91 4 
11 84 80 25 56 24 58 93 77 2 93 55 
6 63 15 3 53 8 74 
11 77 82 56 23 77 36 41 93 95 41 3 
11 24 91 62 21 73 38 38 90 18 72 56 
8 25 24 72 91 67 94 21 64 
11 53 3 62 3 95 64 98 27 15 34 68 
16 92 32 64 79 41 23 77 64 63 73 29 94 90 58 77 58 
8 77 52 61 30 77 20 57 93 
10 77 38 61 3 71 4 80 84 18 93 
12 95 3 92 90 54 38 79 93 41 40 18 8 
5 51 41 18 75 95 
16 24 53 4 92 67 60 17 72 98 93 93 58 64 91 10 77 
11 65 45 29 98 17 7 3 64 69 51 24 
19 17 91 87 93 62 1 64 96 92 18 18 34 58 18 87 5 84 98 77 
7 51 74 63 76 3 21 53 
7 67 84 24 73 36 55 3 
11 28 67 9 18 25 2 17 3 62 21 73 
2 21 87 
13 79 18 35 29 64 30 10 41 3 10 79 23 22 
9 17 87 17 28 63 64 84 64 64 
8 1 61 10 87 85 37 72 91 
15 18 63 2 59 53 24 38 98 93 20 77 64 24 21 38 
16 93 98 93 8 24 17 21 84 41 69 51 28 77 91 34 36 
7 51 10 93 84 93 81 32 
9 94 21 64 84 73 58 3 15 3 
8 18 31 1 26 82 92 74 64 
5 68 53 18 41 30 
7 30 98 58 8 75 3 3 
15 73 5 58 94 3 1 82 93 24 30 23 56 93 28 29 
8 51 24 34 93 1 77 24 27 
7 54 53 58 95 34 77 15 
8 77 98 64 61 17 93 28 28 
4 18 18 17 91 
10 70 42 20 10 30 80 87 43 84 17 
11 59 23 1 64 77 93 89 92 31 98 40 
8 23 18 90 91 22 28 23 15 
15 93 41 9 80 64 21 64 1 23 33 38 10 95 47 15 
10 24 91 93 73 3 29 92 84 34 25 
8 21 30 67 81 92 3 38 42 
12 41 92 4 20 2 15 37 20 24 3 63 8 
7 87 62 77 15 10 76 10 
6 37 37 5 60 23 59 
10 77 72 95 25 95 62 21 87 20 64 
8 23 67 68 93 4 87 73 73 
10 74 99 68 84 61 84 53 70 37 24 
12 6 12 87 72 38 19 98 15 75 58 67 84 
11 72 95 18 41 98 38 77 15 98 98 44 
7 95 24 7 58 3 21 73 
6 98 94 32 18 24 24 
6 30 8 15 85 30 48 
9 18 51 5 97 41 55 92 5 92 
3 44 7 62 
8 32 17 42 61 32 58 95 21 
8 77 66 51 8 16 59 94 56 
6 77 51 38 98 58 34 
19 73 21 73 52 84 98 76 28 18 20 53 17 17 95 57 29 23 93 84 
13 52 91 93 24 84 84 51 30 53 73 77 98 25 
7 38 73 52 6 28 0 38 
12 64 75 10 29 51 4 21 80 30 98 87 36 
4 77 3 87 62 
8 84 18 10 96 58 42 92 38 
12 37 3 30 73 75 27 37 48 25 38 35 61 
19 37 23 77 3 34 63 5 51 62 37 74 38 90 15 60 58 36 64 29 
8 76 34 38 91 58 82 29 17 
7 62 1 64 75 27 41 84 
7 5 56 24 64 84 18 51 
10 85 23 17 52 25 42 62 61 29 77 
17 21 58 36 98 36 75 93 93 93 62 4 35 15 3 93 38 8 
11 75 5 25 60 14 41 8 23 25 38 94 
7 3 64 15 37 41 53 91 
4 3 86 8 1 
9 61 75 33 79 30 18 40 29 64 
12 23 52 38 61 10 95 28 77 1 18 64 72 
10 4 47 81 20 98 3 84 21 7 84 
10 64 98 25 64 37 38 69 95 10 25 
12 18 15 93 64 20 21 0 30 72 69 84 21 
7 38 3 32 3 1 56 72 
9 64 98 20 15 85 53 17 70 63 
6 29 5 8 62 93 87 
7 88 41 62 29 84 93 63 
12 61 28 63 69 24 62 64 28 15 84 4 14 
11 42 95 28 84 41 69 5 91 15 3 3 
7 30 18 64 98 20 15 85 
10 3 95 15 21 77 98 24 4 53 64 
9 53 25 18 34 98 42 47 93 48 
7 91 92 0 21 74 77 91 
5 41 73 67 18 27 
10 74 84 41 91 91 96 87 15 4 64 
13 36 86 62 1 68 64 4 77 36 60 25 95 98 
11 20 18 10 77 94 20 64 20 94 12 27 
22 3 81 20 3 77 17 17 3 33 93 77 98 92 42 21 77 24 24 21 92 23 15 
8 94 56 32 92 74 3 25 24 
13 81 65 7 38 70 25 36 33 15 76 42 67 8 
12 75 56 28 5 3 98 3 93 41 82 17 21 
15 74 62 30 3 21 73 63 5 12 5 53 79 61 84 93 
12 96 21 41 27 6 44 3 18 72 1 22 8 
10 92 25 51 8 42 18 84 95 10 63 
11 17 29 29 84 18 71 28 52 52 84 59 
6 38 25 21 38 62 15 
10 32 58 56 63 53 28 21 98 77 10 
15 28 25 41 24 5 3 93 18 93 8 55 32 21 18 28 
13 21 25 24 45 21 87 64 58 3 93 98 56 24 
12 71 15 84 4 34 82 15 7 87 64 52 3 
8 10 17 3 64 58 75 67 25 
19 14 28 82 18 91 3 58 24 29 8 77 69 25 29 28 84 94 91 62 
12 64 51 94 17 37 62 79 91 18 15 37 20 
9 93 62 61 81 5 5 55 42 48 
10 15 18 15 30 93 26 24 92 8 38 
19 3 53 15 53 75 62 15 67 11 96 77 82 15 55 96 37 3 92 98 
8 87 58 4 15 98 15 77 69 
9 23 58 14 17 91 70 67 25 97 
12 93 17 73 95 28 10 6 92 15 28 38 42 
11 95 23 15 93 56 75 64 25 5 58 92 
12 93 79 53 21 70 36 40 68 64 29 84 41 
4 15 30 73 30 
5 75 94 80 58 58 
15 29 21 8 64 28 96 34 10 92 64 29 24 27 44 3 
9 79 17 29 55 13 62 41 99 29 
9 29 28 77 34 82 18 31 1 26 
9 24 94 18 61 10 23 5 24 18 
22 61 64 93 84 34 93 63 30 98 7 84 29 10 74 80 17 98 21 84 3 3 77 
6 94 53 96 17 55 21 
11 84 64 8 59 25 77 51 73 24 8 28 
12 3 93 15 85 62 76 93 25 76 8 76 95 
6 87 3 77 60 5 67 
11 44 24 62 64 75 21 84 64 18 30 93 
19 84 21 18 93 3 64 58 30 21 95 52 25 52 62 24 51 7 77 29 
2 21 73 
8 23 86 93 21 18 77 93 73 
12 42 91 29 5 8 3 15 77 1 18 64 72 
11 4 3 8 79 17 63 36 73 38 45 23 
12 16 87 33 58 30 21 29 62 69 3 64 67 
10 3 93 93 73 5 52 95 3 73 3 
16 5 90 4 94 3 42 87 21 41 27 73 76 34 38 64 73 
8 51 42 63 8 83 95 93 91 
13 71 93 77 25 88 15 5 81 63 3 81 33 64 
11 93 62 61 18 75 94 52 15 10 86 25 
6 72 15 77 35 1 36 
10 86 36 91 64 10 41 73 73 77 4 
10 27 15 34 68 15 24 93 92 87 81 
16 18 15 93 64 20 21 0 77 61 87 24 58 77 53 75 82 
9 73 1 58 64 87 6 3 7 3 
9 21 10 73 29 93 3 4 3 77 
9 28 79 15 93 38 93 28 23 41 
4 67 29 69 4 
5 25 18 4 8 41 
9 17 61 63 87 28 38 75 67 84 
8 18 25 96 42 93 18 42 5 
10 24 39 98 24 20 67 28 58 84 63 
5 91 18 77 15 92 
10 21 21 38 73 25 55 91 17 36 30 
18 62 3 38 55 21 21 37 32 3 4 40 77 4 94 3 15 38 41 
11 94 26 93 73 77 91 34 17 92 3 62 
9 82 84 64 92 25 94 29 58 7 
13 64 58 91 36 93 85 87 98 80 64 37 3 69 
5 84 64 21 95 30 
14 85 5 74 93 91 38 42 38 93 3 8 64 28 10 
15 45 77 96 94 62 38 38 23 53 64 24 48 21 20 20 
17 15 7 93 27 57 7 10 58 17 24 41 21 21 41 15 22 38 
3 41 67 64 
6 38 28 64 21 25 77 
10 20 74 71 70 21 59 89 52 38 18 
7 30 98 92 28 93 73 21 
11 64 29 18 93 7 59 95 18 32 45 21 
9 95 87 30 86 92 4 3 15 25 
7 23 3 32 94 27 41 7 
9 69 86 10 68 82 17 67 9 18 
7 64 92 51 64 42 1 41 
7 8 29 93 36 82 29 28 
13 13 81 15 44 88 85 93 64 96 30 87 24 29 
4 62 77 93 15 
8 42 26 38 44 41 37 82 18 
7 92 64 64 87 4 84 94 
7 56 91 28 17 15 92 93 
7 28 51 91 73 79 51 62 
12 17 10 3 38 87 93 93 30 72 94 69 21 
8 99 73 81 31 17 63 36 32 
10 73 91 79 64 58 77 25 10 21 93 
11 20 73 95 27 77 94 91 93 61 28 28 
13 93 29 77 91 98 23 3 77 8 77 72 77 8 
9 34 34 41 42 29 41 37 75 1 
9 30 41 58 29 62 38 32 3 91 
15 77 18 93 3 93 21 64 67 32 42 59 73 8 93 3 
11 86 98 77 51 52 82 62 96 4 70 95 
11 91 27 77 68 15 21 92 77 98 24 64 
12 28 93 36 68 25 63 23 27 67 73 73 84 
5 65 38 88 21 54 
15 51 56 81 41 15 21 92 67 86 15 51 61 95 64 77 
15 85 37 53 98 92 21 77 18 1 93 3 77 58 38 17 
12 91 69 25 58 30 8 15 85 30 48 84 73 
15 76 64 98 23 6 91 53 9 18 4 81 73 92 20 1 
14 93 84 40 45 64 20 58 58 23 84 64 56 85 87 
16 24 88 77 87 64 73 92 77 92 20 25 86 70 3 84 92 
9 23 58 14 17 91 51 10 40 92 
3 29 4 77 
16 30 73 75 27 37 48 84 24 18 5 76 15 29 34 21 96 
9 36 93 93 21 92 25 38 21 93 
8 93 92 8 95 58 32 18 61 
12 23 87 38 4 63 10 3 10 17 3 35 18 
13 10 26 32 86 94 85 96 64 24 5 64 84 77 
13 8 8 62 15 94 4 52 62 24 51 7 77 29 
14 5 8 93 87 28 93 21 53 87 6 72 30 18 64 
7 77 99 93 10 3 98 3 
14 92 92 10 64 29 42 75 69 18 48 32 71 77 61 
8 70 36 40 68 64 29 24 73 
16 95 18 21 55 56 15 70 73 87 69 64 98 5 91 30 77 
2 38 41 
17 15 30 84 51 91 41 24 18 1 10 86 18 61 3 75 33 64 
1 24 
11 18 41 32 48 38 58 25 82 36 8 37 
14 90 64 39 20 77 28 4 91 77 20 77 21 64 73 
8 3 93 93 91 53 23 87 92 
6 24 24 21 92 23 15 
13 15 84 61 20 45 21 64 93 28 84 94 91 62 
13 17 99 90 87 93 71 36 15 77 29 77 18 56 
11 93 92 16 25 76 94 62 87 24 37 15 
4 62 87 42 94 
8 30 3 2 10 78 73 91 61 
14 30 67 37 42 24 64 51 24 98 64 4 42 96 30 
8 18 63 2 28 20 33 71 21 
15 17 3 35 18 61 20 52 93 17 52 23 29 62 69 3 
16 4 87 56 15 91 94 94 4 36 27 18 21 53 4 4 23 
9 51 64 15 3 25 18 4 8 41 
10 44 62 93 92 67 3 70 62 64 3 
15 15 18 21 69 10 82 97 61 77 71 73 93 0 70 92 
15 91 4 20 4 36 27 18 91 33 32 85 7 37 18 38 
4 53 17 62 87 
8 59 30 38 59 17 3 84 15 
6 53 37 69 41 25 4 
10 85 41 77 24 77 29 93 3 38 64 
10 15 87 18 24 90 62 49 84 14 7 
9 87 87 19 94 77 42 13 28 75 
12 87 70 98 77 22 87 93 53 10 64 4 28 
15 8 24 63 62 28 51 84 16 85 59 79 89 92 51 4 
15 92 72 84 10 61 24 94 98 64 7 59 96 52 93 93 
13 36 53 84 24 86 3 40 3 38 15 3 95 87 
5 71 84 15 96 15 
3 61 24 53 
5 94 10 75 58 33 
17 71 67 88 86 7 37 18 38 93 81 3 41 4 87 38 67 41 
4 24 15 28 96 
10 37 3 64 96 92 24 98 25 71 24 
9 3 87 42 37 98 21 77 52 67 
14 96 15 20 3 84 73 58 2 79 55 94 77 38 77 
14 41 75 58 87 41 28 3 58 62 34 24 25 15 18 
11 34 52 22 30 67 37 38 69 95 10 25 
13 92 87 87 62 8 77 61 52 94 61 0 22 20 
9 89 65 45 29 98 59 38 30 40 
9 7 73 20 92 21 53 4 4 23 
6 97 64 41 79 15 75 
11 77 81 62 15 94 17 99 90 87 93 71 
14 51 28 13 21 92 30 80 95 98 67 25 72 63 22 
13 93 94 84 10 84 51 77 98 67 77 37 5 55 
7 77 15 79 18 77 98 72 
11 21 58 24 63 28 54 10 95 21 98 62 
7 63 79 38 95 64 37 28 
5 15 58 56 77 67 
12 21 21 21 36 23 56 29 63 84 24 81 64 
12 89 65 45 29 98 3 93 3 3 73 15 20 
9 6 92 91 25 98 61 68 64 80 
12 28 59 21 18 0 54 24 91 17 6 16 87 
7 51 10 18 94 38 73 85 
10 8 35 99 93 61 92 62 98 31 73 
9 71 75 58 28 18 8 74 99 68 
10 24 39 45 64 3 53 8 64 53 84 
12 21 38 69 3 90 77 3 27 74 63 91 74 
2 27 72 
9 56 91 28 17 15 92 93 30 18 
15 41 53 3 73 91 96 87 15 4 64 93 8 88 23 10 
7 56 4 77 38 77 20 33 
7 10 24 24 18 21 34 34 
16 18 58 93 34 24 64 84 96 3 79 53 21 24 16 93 38 
12 29 64 55 38 5 15 77 30 4 67 37 30 
7 82 95 15 38 79 63 77 
8 4 25 23 64 36 24 36 62 
14 97 15 37 53 41 73 67 51 61 51 77 95 47 15 
9 55 38 19 63 95 93 41 9 80 
8 92 72 84 10 23 62 14 93 
10 73 93 14 77 94 98 63 87 3 81 
13 3 77 4 77 53 37 69 96 18 41 38 15 28 
11 55 38 74 1 91 63 68 21 87 98 80 
17 19 91 38 96 8 29 28 23 64 29 82 24 24 39 41 53 91 
7 21 99 77 32 1 53 25 
6 24 87 61 64 93 8 
11 42 30 5 93 10 4 77 71 75 58 45 
7 41 36 29 29 64 42 27 
10 64 37 76 87 53 63 17 77 26 18 
5 5 96 63 24 24 
9 24 28 92 79 64 18 64 21 64 
6 62 29 98 38 62 92 
9 12 5 53 79 61 84 93 36 3 
8 10 67 6 17 23 53 23 73 
18 21 36 41 92 4 20 2 74 38 41 15 89 28 8 24 73 53 51 
6 1 52 25 4 41 14 
2 18 15 
17 93 21 87 8 77 48 34 87 79 82 95 64 76 17 1 5 15 
14 18 23 15 21 94 75 7 18 40 34 26 1 21 25 
4 92 28 53 51 
15 21 64 58 3 93 82 87 63 28 58 77 51 41 30 42 
14 84 17 98 3 21 79 35 38 29 3 48 30 10 51 
6 3 20 37 44 64 73 
7 77 64 64 84 93 85 64 
11 84 87 3 93 87 36 56 79 8 23 23 
7 4 94 58 64 30 38 29 
6 93 74 58 73 77 4 
11 69 56 95 24 42 24 30 77 93 74 93 
12 21 87 64 61 93 48 29 18 38 8 53 3 
6 76 34 38 77 32 3 
12 41 38 15 28 81 20 98 84 94 44 8 91 
10 76 5 42 95 85 93 3 28 15 84 
10 21 98 21 30 18 60 38 48 53 95 
10 93 4 1 22 64 87 41 59 62 42 
16 94 18 41 20 38 94 27 72 41 93 38 64 41 40 1 77 
11 34 77 85 94 24 4 28 64 71 82 58 
14 18 30 3 79 63 29 38 93 25 76 8 73 73 77 
8 96 8 4 15 28 5 1 36 
5 73 21 20 30 73 
10 3 10 36 20 77 84 38 59 41 25 
17 52 25 24 21 48 15 15 95 87 42 38 28 41 29 29 17 15 
12 62 62 20 64 67 24 93 92 62 24 28 41 
8 94 24 4 97 4 40 34 64 
9 28 64 53 64 91 62 18 41 24 
10 9 15 32 25 55 64 53 24 15 38 
9 77 6 91 63 15 79 29 23 3 
10 3 40 71 94 3 51 20 40 1 77 
13 92 29 93 92 30 3 24 25 18 30 41 77 30 
5 76 3 98 3 18 
10 64 61 28 96 64 18 37 30 73 18 
10 38 4 37 61 10 80 91 98 10 10 
14 77 30 94 58 63 91 84 64 38 7 27 88 15 81 
4 81 93 37 95 
12 38 77 18 56 95 93 98 8 64 18 30 64 
2 53 79 
10 92 14 20 41 29 24 28 3 77 74 
9 3 55 95 62 77 15 21 51 3 
7 18 38 77 91 86 77 21 
12 77 92 62 87 92 41 14 3 41 37 75 1 
16 52 96 86 5 73 21 72 18 21 51 10 58 10 33 5 77 
7 37 10 10 4 87 56 15 
9 40 29 4 62 41 10 18 14 86 
8 64 29 68 61 52 86 88 18 
6 37 73 8 99 91 92 
16 70 36 40 68 64 29 3 61 29 64 28 30 35 17 20 92 
4 7 28 82 79 
8 29 98 6 24 8 17 98 24 
18 41 64 18 15 92 36 21 25 77 58 40 37 93 32 27 21 24 71 
9 3 98 44 63 21 92 33 37 63 
11 64 94 77 32 70 74 64 95 10 17 3 
6 51 74 63 76 42 77 
11 62 19 25 87 73 77 98 53 21 24 18 
5 3 84 53 24 87 
5 92 95 52 21 24 
13 15 94 25 18 24 81 20 3 59 75 23 24 63 
7 72 77 84 12 5 96 3 
14 94 98 41 10 15 18 92 14 64 21 62 24 77 64 
12 18 67 91 41 17 62 18 15 93 91 93 10 
10 30 98 92 28 93 73 21 4 3 3 
11 91 60 10 26 93 13 3 35 98 25 91 
11 3 93 41 97 8 93 84 87 4 72 64 
14 96 16 36 87 67 29 51 86 42 8 18 51 15 28 
12 8 21 18 71 91 73 17 38 3 64 93 94 
14 87 87 3 91 91 23 87 93 18 3 37 32 45 21 
14 64 73 91 63 77 58 41 3 48 95 53 57 87 98 
13 18 25 96 42 59 94 74 18 85 92 91 92 77 
11 77 21 51 8 6 10 94 92 95 77 38 
9 59 28 38 15 91 0 87 98 3 
12 38 18 58 15 42 10 41 75 58 87 28 3 
13 62 33 86 24 84 20 93 8 78 20 18 30 61 
13 93 77 62 17 94 75 99 63 3 84 87 24 18 
9 73 95 3 92 3 24 53 42 23 
12 17 92 93 77 30 64 62 93 64 25 48 15 
9 8 93 29 40 32 96 21 18 93 
12 84 18 4 51 8 64 3 58 70 74 64 95 
10 51 41 95 21 77 38 25 35 93 93 
14 61 28 77 52 91 20 75 37 58 30 49 84 14 7 
10 25 24 3 77 92 38 74 24 76 1 
8 20 79 90 94 77 93 62 62 
10 61 28 60 72 21 10 73 93 92 91 
9 8 53 56 5 3 29 51 17 5 
17 52 18 1 25 1 84 93 34 64 52 87 29 21 17 63 92 61 
16 15 21 64 94 25 3 63 27 72 28 73 21 8 91 96 68 
7 37 37 41 51 74 63 76 
14 29 73 10 94 67 56 71 71 98 87 85 37 72 91 
5 40 15 21 23 3 
14 25 75 1 91 81 30 48 24 58 21 41 34 20 75 
6 85 33 21 1 40 58 
9 74 86 51 21 20 67 8 77 64 
2 53 59 
14 98 21 51 30 24 10 92 25 77 92 77 5 87 12 
12 77 92 18 72 36 58 28 37 62 38 19 16 
9 21 93 42 87 63 10 84 42 42 
14 77 98 15 87 51 97 28 41 25 64 75 10 29 51 
4 48 42 15 18 
15 93 87 5 52 73 28 64 21 3 98 4 37 53 75 93 
11 87 8 8 53 93 36 91 15 20 93 68 
12 48 18 28 72 37 94 7 22 35 58 93 15 
13 24 82 8 15 8 24 18 24 91 92 58 92 93 
12 64 3 91 48 91 51 8 95 92 23 53 21 
12 28 1 53 8 10 63 37 30 24 39 45 64 
7 53 64 72 10 24 8 53 
17 64 51 18 18 38 64 4 48 64 61 52 61 93 25 2 17 3 
13 77 74 72 64 10 60 63 73 10 5 77 63 64 
3 92 23 96 
9 3 10 22 77 87 77 91 37 51 
7 8 82 64 15 44 84 98 
10 27 41 41 94 77 64 67 29 69 4 
13 37 10 90 82 38 93 40 45 64 18 7 32 85 
11 67 51 87 74 37 93 30 17 91 67 38 
14 94 15 37 24 28 77 38 51 87 94 62 93 84 4 
11 41 67 15 28 5 1 36 64 64 27 52 
13 61 41 28 53 87 75 10 8 24 63 59 41 56 
5 38 5 15 77 30 
14 48 3 64 87 15 24 98 6 21 63 65 29 25 58 
8 3 81 93 58 28 23 62 8 
12 30 72 94 69 84 21 17 6 93 70 21 8 
9 15 72 64 92 81 65 7 64 67 
5 18 98 24 84 91 
3 10 56 98 
15 48 98 75 64 62 85 18 48 95 98 17 77 38 6 87 
7 94 37 28 14 37 72 87 
10 41 36 3 34 25 61 3 3 41 18 
10 34 30 84 7 82 42 25 30 53 98 
15 24 24 4 0 29 6 28 15 64 73 21 41 15 31 84 
9 93 77 32 87 91 27 77 68 4 
4 93 10 64 71 
13 15 37 19 71 73 58 40 3 59 62 41 76 8 
11 87 35 98 3 27 42 70 92 27 42 30 
11 81 93 59 63 24 87 5 62 17 51 38 
13 92 94 25 26 10 64 7 23 6 85 33 21 62 
13 93 27 24 41 84 73 92 42 77 92 15 58 8 
12 98 92 96 71 62 77 29 87 75 41 21 18 
10 58 74 58 84 79 82 71 73 38 73 
8 40 45 64 93 61 92 24 84 
11 3 92 64 39 41 38 4 73 87 36 34 
9 71 41 14 18 75 25 17 84 27 
11 23 15 17 21 48 15 15 77 62 18 24 
12 38 23 91 77 63 30 64 8 77 36 91 56 
6 38 20 30 2 24 6 
11 16 91 73 17 24 38 51 73 24 8 28 
9 87 81 77 25 7 93 4 56 87 
9 3 28 86 64 98 24 32 8 84 
6 8 1 15 23 38 99 
16 94 77 98 94 36 85 41 72 84 4 42 64 23 86 98 52 
9 7 64 5 95 38 99 42 10 72 
7 8 18 82 24 3 24 17 
9 74 98 74 17 30 24 86 3 3 
7 37 38 77 35 4 94 8 
7 61 28 15 98 21 34 4 
5 38 24 53 23 24 
13 52 25 24 24 72 94 84 29 11 86 94 15 98 
19 8 73 77 38 82 37 62 84 94 17 21 25 74 77 61 77 15 21 3 
14 38 74 28 20 95 81 21 39 30 15 72 64 92 5 
7 17 62 67 58 9 94 1 
11 15 84 77 64 73 64 25 93 41 92 77 
8 37 24 93 15 77 62 94 64 
9 24 74 45 5 64 93 14 30 86 
11 3 87 73 23 29 12 61 3 3 41 18 
4 86 77 4 6 
9 10 3 95 56 85 21 92 58 96 
5 18 56 96 8 79 
16 48 95 53 57 87 98 92 86 36 58 41 93 37 95 82 91 
21 38 31 2 10 8 20 18 12 81 73 52 59 21 21 38 38 68 6 84 41 69 
7 56 18 28 61 24 24 25 
16 18 67 64 20 85 86 30 30 18 4 96 21 73 20 41 1 
11 33 8 24 48 92 21 67 95 4 37 8 
8 41 8 23 25 64 17 51 71 
15 24 29 73 79 7 2 93 55 84 10 15 73 40 64 25 
11 3 87 37 42 51 10 53 15 29 10 29 
15 38 5 21 62 38 58 94 17 21 64 77 61 87 87 4 
16 23 98 4 92 61 30 24 4 34 20 94 27 56 96 4 98 
5 61 73 5 95 82 
5 93 21 64 67 32 
14 74 28 93 71 38 98 21 62 73 63 3 20 58 6 
21 15 41 64 25 17 67 42 77 98 94 59 24 20 98 7 22 35 58 93 70 15 
11 3 30 30 77 72 38 92 42 86 41 15 
4 41 38 15 28 
14 93 86 48 77 93 91 4 56 64 86 91 24 59 64 
12 40 61 24 40 88 71 92 30 24 7 28 79 
11 70 3 91 21 62 23 97 80 77 71 73 
3 3 21 73 
13 3 62 71 79 17 62 6 41 18 42 99 51 94 
10 84 84 53 64 85 82 6 49 3 34 
9 38 41 30 10 51 71 68 87 3 
8 64 20 73 4 87 10 21 85 
9 20 20 23 73 79 30 42 26 44 
11 96 87 72 73 20 41 1 21 41 28 93 
6 85 77 79 74 87 23 
9 15 29 34 21 96 28 3 77 74 
13 38 73 28 5 64 93 89 15 37 73 74 17 84 
9 1 52 3 10 79 23 22 97 13 
11 23 94 75 3 17 35 64 77 61 77 18 
17 1 77 67 41 92 84 3 84 25 21 42 64 8 23 79 41 59 
13 93 41 92 77 4 29 74 98 3 64 8 8 87 
6 64 40 77 90 21 24 
9 10 72 56 20 77 81 53 1 24 
12 34 18 77 67 17 17 96 3 10 20 55 38 
16 92 72 10 42 17 64 75 3 84 68 23 41 38 29 64 23 
11 98 30 18 29 63 37 38 35 4 94 8 
5 8 41 15 77 51 
13 28 59 21 18 25 17 84 73 21 41 15 31 84 
8 8 21 58 38 84 93 41 95 
11 37 18 63 91 30 3 20 93 77 77 36 
13 73 10 72 75 3 3 15 64 98 56 95 93 25 
7 32 41 78 98 91 62 27 
7 8 29 0 15 93 17 24 
6 69 41 62 25 77 95 
8 17 77 36 93 29 18 98 25 
7 10 15 41 71 18 15 98 
11 53 73 77 98 38 25 51 21 73 25 93 
11 25 6 7 77 61 18 96 56 29 72 32 
4 38 98 48 18 
12 37 4 92 28 25 62 77 35 64 65 21 38 
12 1 24 24 24 73 42 58 77 21 51 8 6 
12 91 10 25 87 93 61 32 15 8 64 53 56 
7 63 41 93 94 91 21 8 
3 77 72 23 
13 61 73 5 32 3 53 90 8 64 53 94 15 58 
13 54 84 30 92 93 77 10 30 93 29 59 28 18 
8 93 37 3 92 96 24 21 20 
12 3 10 41 77 29 37 8 82 64 15 44 15 
14 17 24 91 18 15 20 93 58 25 8 21 94 36 64 
6 92 64 74 18 10 10 
7 61 84 94 64 42 3 58 
16 59 63 98 77 3 69 42 98 87 28 25 8 21 94 36 64 
9 29 67 91 31 64 3 93 24 62 
11 91 73 41 64 51 64 84 37 41 1 6 
8 38 25 51 3 64 18 77 98 
7 41 92 28 77 86 77 19 
7 28 8 27 79 87 61 51 
9 30 10 62 98 93 62 38 58 20 
16 58 5 22 51 92 18 38 93 28 23 41 85 8 40 21 42 
9 85 84 98 48 51 77 5 87 22 
12 38 95 14 77 75 20 10 51 77 64 79 29 
9 8 24 8 98 77 41 70 38 59 
13 24 13 91 4 3 92 63 79 93 95 56 91 94 
10 6 58 25 61 64 27 74 63 91 74 
7 13 22 7 21 77 35 37 
10 8 30 62 15 71 21 71 80 74 67 
12 40 63 48 18 40 93 90 61 61 50 90 64 
11 51 13 24 37 24 93 52 10 18 15 4 
12 25 24 72 67 69 84 74 47 42 91 29 5 
12 93 18 73 29 53 72 95 63 64 52 3 87 
16 59 72 93 91 56 41 10 18 29 62 69 18 74 8 37 93 
16 63 24 95 38 64 58 24 4 81 20 98 38 75 60 1 63 
12 21 87 64 61 93 73 34 59 5 51 64 28 
4 95 77 64 42 
13 63 64 61 58 3 77 92 38 64 58 61 1 64 
11 98 24 8 95 93 8 17 3 87 41 29 
12 37 52 10 64 74 73 21 73 53 21 75 87 
9 53 27 48 84 36 61 52 77 8 
17 21 59 93 24 28 98 71 52 33 38 59 17 99 90 87 93 71 
9 37 56 34 37 69 3 38 4 93 
2 24 84 
13 7 30 36 73 95 3 92 3 24 64 98 25 64 
14 28 63 65 3 75 64 28 21 86 5 21 92 74 37 
13 96 4 56 14 74 29 61 87 74 77 3 15 10 
8 25 34 58 3 91 59 91 30 
12 4 61 59 91 98 36 49 17 63 73 73 42 
9 93 15 3 82 64 38 74 64 21 
10 1 64 38 84 41 63 17 24 55 77 
14 30 77 5 63 18 86 94 86 90 21 93 24 96 41 
10 42 15 38 61 37 3 75 41 1 95 
10 51 28 24 38 62 93 10 6 64 59 
7 18 75 94 52 15 38 18 
8 28 6 51 74 10 41 86 35 
13 14 56 73 41 17 91 24 3 5 20 77 96 69 
7 76 95 77 53 19 62 38 
19 15 93 77 56 73 64 94 56 35 24 21 59 24 77 56 58 56 77 67 
7 29 10 48 15 93 51 85 
10 95 84 8 20 10 23 23 18 90 91 
17 77 58 84 23 32 8 10 17 87 25 94 94 29 42 38 30 35 
10 45 88 18 71 67 38 98 21 30 62 
10 20 69 24 64 73 41 6 58 55 94 
11 93 16 20 18 20 33 24 22 87 91 8 
13 52 37 84 3 4 71 87 8 8 53 93 36 91 
10 59 25 64 79 53 21 24 16 93 38 
11 20 38 62 87 3 95 59 74 41 77 73 
6 18 95 93 59 18 21 
13 93 30 73 86 8 21 3 18 82 51 74 29 18 
7 24 81 77 41 59 63 8 
12 94 94 79 53 59 21 35 64 8 8 67 98 
7 75 21 93 41 77 41 70 
13 92 3 24 20 10 34 61 4 96 93 4 73 28 
7 95 64 37 23 94 98 4 
9 4 96 40 28 25 48 30 21 84 
12 77 56 23 20 98 91 91 91 24 39 45 64 
12 94 62 93 84 4 7 98 62 86 28 76 8 
12 77 87 67 18 8 42 84 94 53 73 5 92 
11 25 24 72 91 67 6 63 10 38 30 35 
7 5 53 75 98 53 95 28 
9 52 94 15 77 24 54 35 79 75 
8 24 79 18 77 21 1 93 56 
7 6 62 87 64 25 3 28 
8 23 64 93 58 8 77 21 59 
7 99 62 24 87 94 79 67 
8 20 64 73 13 52 27 87 10 
5 64 53 64 10 37 
8 10 3 95 70 25 91 23 3 
8 30 24 41 21 21 36 84 42 
11 96 20 10 18 84 4 27 93 18 86 29 
9 59 90 87 67 17 79 87 17 40 
7 34 94 21 26 71 41 92 
8 35 73 21 10 73 29 93 3 
15 37 81 64 79 10 4 3 32 25 41 73 92 42 77 92 
12 21 37 91 98 73 64 64 28 77 14 5 62 
9 8 3 15 64 73 81 29 30 86 
1 77 
6 42 97 10 4 23 61 
10 87 73 98 96 92 97 18 63 3 92 
12 40 37 26 53 45 96 93 11 64 74 74 15 
9 62 94 64 38 7 34 87 41 92 
15 86 63 55 93 91 52 10 31 15 18 21 36 40 6 8 
11 38 40 28 38 10 95 3 29 84 10 91 
16 57 30 4 81 64 27 64 94 64 61 61 34 98 4 84 91 
10 21 91 42 93 24 10 92 67 42 91 
13 94 22 98 21 41 24 18 30 10 84 5 58 93 
6 18 67 87 18 98 34 
4 3 64 93 94 
10 64 42 24 63 59 41 3 99 59 77 
14 62 25 98 61 56 93 85 40 24 23 38 21 93 0 
14 77 84 85 72 74 79 92 15 28 93 25 17 84 27 
9 77 10 20 23 3 24 39 45 64 
14 55 38 19 63 95 72 61 87 35 92 24 23 28 14 
18 70 87 7 92 84 68 42 8 18 64 27 51 98 16 5 38 63 51 
8 72 91 87 91 34 64 56 80 
9 24 73 91 15 64 87 64 58 77 
11 34 34 41 37 17 42 96 62 64 41 62 
12 84 73 58 30 64 49 24 76 41 42 18 15 
16 61 95 64 77 38 74 28 20 95 81 3 75 94 27 3 42 
11 3 93 10 96 84 64 3 36 90 8 93 
9 77 15 77 28 81 27 58 64 36 
6 86 28 95 92 37 54 
8 18 31 1 26 18 77 79 71 
4 25 17 84 27 
8 8 61 3 90 17 4 3 64 
11 92 58 28 5 22 28 3 36 7 30 36 
7 30 7 53 98 8 15 38 
14 91 91 82 33 10 67 84 98 64 53 17 63 93 52 
13 91 15 55 36 17 62 67 58 34 58 91 17 62 
13 41 25 8 11 67 28 15 54 18 29 10 53 15 
8 3 74 40 92 41 64 14 3 
12 84 21 77 92 38 30 7 53 98 15 51 3 
8 33 64 92 15 29 34 21 96 
21 28 72 54 20 58 10 57 70 86 31 18 85 84 98 48 14 37 71 74 17 4 
10 74 51 92 93 77 3 92 28 41 75 
10 25 42 62 61 29 77 62 4 35 15 
7 63 28 38 29 96 93 3 
11 24 72 91 67 3 30 61 21 48 15 15 
12 53 53 24 18 64 18 51 70 3 87 37 42 
8 64 73 37 61 99 38 73 28 
11 81 30 72 94 69 84 21 18 48 62 8 
10 30 30 10 62 91 24 61 37 3 75 
11 34 61 3 24 95 20 76 21 93 64 78 
12 68 38 94 63 37 3 28 86 64 98 24 32 
10 32 77 98 38 62 5 94 41 3 56 
11 17 24 91 98 98 59 3 21 25 20 85 
10 15 37 20 53 73 77 98 38 25 87 
7 72 93 62 85 42 95 28 
11 92 10 4 84 91 37 17 93 61 93 21 
4 62 52 15 98 
12 17 38 33 64 53 10 92 77 84 24 53 18 
13 92 95 21 95 77 18 96 77 4 32 18 35 77 
8 84 87 64 87 3 18 64 72 
11 59 72 73 23 77 5 96 61 49 40 24 
16 93 92 8 95 17 28 87 20 87 62 74 39 32 17 42 61 
2 30 98 
12 10 52 81 77 17 3 15 10 82 97 61 77 
18 21 91 98 36 75 93 93 93 42 38 40 52 21 10 73 29 93 3 
9 54 92 77 15 41 53 3 73 91 
11 3 25 41 59 79 73 70 64 54 93 4 
12 1 85 63 18 74 59 63 75 73 33 21 5 
10 16 47 92 16 1 93 62 73 3 63 
14 92 24 94 74 51 20 30 21 36 34 15 3 92 99 
7 77 71 73 36 96 93 92 
12 53 87 4 98 96 17 42 96 99 18 24 30 
12 64 28 23 64 93 64 84 18 34 24 73 96 
7 21 92 30 80 4 3 77 
11 17 93 23 37 77 15 38 41 18 73 73 
13 94 53 96 17 14 58 82 95 31 63 87 3 81 
9 63 24 87 34 93 23 24 10 74 
4 8 64 19 94 
12 18 93 3 64 58 30 21 93 27 34 34 74 
8 37 18 63 91 30 24 64 32 
6 24 93 92 87 81 17 
11 92 77 15 64 93 73 73 77 63 93 51 
7 94 73 44 64 87 29 63 
10 37 52 10 87 64 74 93 51 51 77 
11 63 96 24 62 3 58 68 90 38 70 28 
13 98 77 98 51 77 15 30 73 30 84 87 93 28 
12 67 51 87 74 37 3 53 93 92 16 25 76 
8 30 73 18 71 38 3 15 21 
9 21 38 24 61 41 28 53 87 10 
14 31 94 15 64 77 30 94 58 63 42 67 64 27 52 
9 3 64 93 77 35 6 95 88 79 
8 51 41 91 38 80 6 3 77 
12 95 15 20 5 92 4 91 98 25 64 18 24 
14 7 35 20 14 38 8 34 77 85 94 24 84 73 58 
9 93 64 18 77 98 30 90 77 15 
11 93 63 92 21 28 38 63 23 27 77 34 
15 37 4 28 36 94 21 87 17 28 73 62 51 29 64 55 
12 98 45 38 76 28 23 64 93 21 93 4 1 
7 56 91 28 17 15 92 93 
9 53 91 38 4 21 30 72 88 53 
10 70 48 18 15 61 4 24 71 87 15 
9 91 62 95 17 32 29 77 20 10 
12 8 67 38 3 21 21 93 42 8 18 64 27 
11 94 67 79 93 10 63 28 77 18 93 3 
11 87 33 58 30 21 93 48 14 94 87 52 
16 34 56 35 58 6 36 28 61 84 44 92 3 41 77 77 8 
7 77 84 15 87 52 42 73 
11 98 30 18 29 63 92 17 29 29 84 18 
11 10 24 27 41 15 59 93 34 71 5 15 
9 91 74 93 53 21 74 8 58 23 
12 73 21 62 92 90 28 21 3 3 5 94 8 
14 91 8 74 28 93 38 2 17 3 61 77 73 93 64 
12 64 53 36 18 72 15 10 61 79 24 93 92 
12 8 20 64 48 3 32 77 95 18 91 23 29 
10 28 3 36 69 86 10 58 40 3 59 
8 41 4 51 86 98 77 51 52 
14 15 62 64 63 64 8 77 93 37 15 64 73 64 89 
12 64 19 94 18 3 93 18 53 77 95 3 3 
10 41 36 3 92 93 14 77 5 18 10 
5 52 17 15 3 64 
16 61 30 64 30 77 82 61 21 77 15 41 22 61 51 77 18 
10 29 86 38 44 41 95 86 29 8 98 
6 53 21 92 36 32 34 
13 63 58 92 88 38 38 65 3 8 76 93 62 23 
7 3 64 22 91 74 26 71 
10 58 92 67 3 70 62 64 32 64 42 
5 77 92 15 73 63 
10 64 71 25 38 28 68 77 10 30 23 
11 93 18 98 51 73 24 8 93 91 3 3 
5 69 98 51 30 90 
10 30 41 58 29 29 62 85 18 24 32 
8 91 42 18 21 73 87 73 25 
8 74 74 58 62 56 37 10 10 
15 75 73 25 81 67 41 62 73 10 64 91 59 91 3 28 
12 8 48 35 87 56 92 91 63 53 30 35 94 
10 20 38 62 3 93 29 38 99 73 86 
6 95 8 51 8 42 77 
12 3 10 41 77 63 28 26 80 84 70 10 64 
11 98 62 15 23 81 93 73 3 15 90 69 
3 77 3 69 
13 77 51 38 98 58 34 3 48 90 64 18 72 64 
13 91 34 56 73 3 5 92 69 77 24 37 52 80 
9 58 20 23 79 36 20 63 71 53 
13 81 7 93 93 6 21 15 98 69 92 68 72 63 
10 22 91 17 38 33 64 53 33 64 92 
19 21 87 53 37 10 20 93 3 84 53 24 87 59 3 77 98 52 4 21 
14 99 94 77 18 3 15 82 23 22 93 60 62 98 95 
12 86 36 91 77 20 84 41 28 72 54 75 38 
11 28 59 63 76 34 98 12 53 21 24 18 
9 3 63 27 51 18 91 65 30 94 
13 73 70 21 84 24 63 38 21 63 84 90 94 64 
9 24 48 82 21 82 77 21 71 52 
10 61 49 40 24 93 32 27 21 24 71 
16 18 7 32 85 86 93 37 28 19 91 38 18 77 36 25 30 
7 15 41 82 40 77 20 17 
8 36 3 28 59 44 17 25 17 
9 63 28 36 8 30 94 21 98 98 
11 61 1 10 62 27 41 38 87 51 63 87 
9 10 73 56 15 77 1 63 77 94 
8 8 63 95 37 59 28 63 65 
11 77 92 18 93 8 86 5 84 73 4 75 
5 91 8 61 15 23 
16 21 10 73 29 93 3 3 87 18 25 28 28 38 62 87 3 
6 35 93 84 59 29 46 
12 62 8 77 61 52 94 77 51 84 63 25 10 
4 67 6 65 17 
17 42 21 48 92 18 92 63 62 76 12 92 64 24 98 73 93 25 
8 38 98 21 91 53 9 44 10 
16 21 28 24 32 77 61 90 18 24 45 3 63 27 51 18 91 
12 73 25 20 44 52 3 35 98 25 40 21 93 
13 24 64 18 75 41 53 91 3 32 19 30 87 26 
12 28 17 52 86 73 18 51 38 29 71 98 21 
3 71 64 93 
5 38 30 94 17 52 
14 68 93 64 3 17 18 96 3 20 69 98 4 32 98 
7 10 3 96 30 4 3 74 
7 87 53 17 62 87 6 72 
15 28 63 21 38 68 6 3 18 82 55 94 82 91 3 84 
9 84 24 93 70 84 21 84 64 5 
12 71 24 24 15 99 25 93 91 18 74 53 53 
7 59 28 38 38 41 91 23 
14 18 25 96 42 95 75 74 91 91 3 93 84 10 3 
8 15 98 69 92 10 68 72 63 
13 64 65 21 38 4 61 59 29 77 17 28 82 13 
9 87 77 38 1 38 77 3 91 36 
5 87 77 3 87 62 
12 85 6 67 4 52 91 93 61 48 10 77 95 
5 15 38 79 63 77 
10 24 84 77 84 24 4 24 32 30 3 
6 38 64 4 24 74 64 
7 17 10 3 3 87 42 40 
11 15 98 15 77 69 42 37 17 37 74 93 
9 52 68 37 10 79 77 99 30 67 
7 58 41 18 58 33 38 92 
10 3 54 82 15 3 87 92 24 10 42 
11 30 86 73 61 24 0 77 95 52 29 77 
8 3 93 23 3 51 84 32 76 
3 38 4 85 
13 21 28 24 32 77 61 90 18 64 95 6 3 25 
9 69 98 51 30 90 87 73 28 25 
16 18 96 24 82 24 97 64 41 79 15 94 69 21 67 77 91 
12 3 93 41 82 17 21 56 8 64 84 21 53 
9 34 87 23 98 87 8 75 82 93 
14 87 40 21 81 71 24 90 67 14 56 96 87 86 82 
11 32 10 53 35 77 36 3 95 93 70 29 
12 2 61 95 33 8 84 77 41 10 25 93 25 
12 41 91 23 15 69 71 6 28 0 56 28 58 
9 52 94 15 77 24 54 35 79 75 
8 64 21 64 52 16 64 96 93 
10 96 4 70 95 95 75 91 82 55 5 
8 63 3 92 38 3 75 40 21 
13 34 23 15 63 71 53 64 58 1 64 1 8 93 
6 64 8 4 18 96 65 
17 97 3 94 93 25 24 72 91 67 81 53 62 8 77 61 52 94 
10 85 22 92 74 18 48 95 17 25 75 
7 77 65 30 3 2 24 25 
8 24 63 59 41 8 73 61 74 
11 0 1 61 10 55 8 58 75 3 64 55 
13 42 65 91 87 51 8 25 24 87 3 71 74 91 
11 93 34 40 84 85 76 93 84 21 17 10 
9 32 5 74 59 24 74 48 64 72 
3 51 10 17 
13 21 70 98 14 73 30 42 82 91 3 77 15 85 
7 28 64 28 98 42 64 10 
7 30 63 1 61 41 44 10 
8 81 64 27 29 15 92 64 41 
10 58 75 93 71 58 93 8 91 21 3 
6 93 18 37 74 92 93 
9 71 4 32 64 84 18 92 70 87 
12 3 3 23 41 53 3 73 91 38 72 58 74 
9 21 64 23 21 36 79 10 52 81 
9 75 24 6 35 77 93 24 3 29 
8 84 98 29 64 30 10 3 93 
16 24 24 21 92 23 15 92 8 51 41 25 52 7 33 8 24 
13 25 95 98 64 1 53 80 51 28 59 21 74 58 
12 41 94 18 41 93 7 15 73 61 97 19 18 
12 94 81 42 64 6 63 63 73 96 98 50 40 
17 15 53 21 87 94 98 64 21 38 38 69 8 30 62 21 15 23 
9 23 3 64 86 84 73 99 24 87 
14 92 76 64 63 99 93 30 67 7 36 1 74 11 92 
11 21 77 61 25 41 23 20 38 29 41 3 
12 20 84 35 53 21 33 86 34 29 34 21 96 
7 38 4 53 98 51 68 75 
8 47 41 52 77 23 3 30 61 
11 87 94 30 20 21 18 38 3 24 21 84 
11 73 79 98 24 74 53 73 77 98 38 25 
7 53 95 63 18 58 84 96 
12 62 29 98 95 16 58 40 3 59 15 38 8 
6 61 3 64 28 73 93 
11 96 21 44 10 73 0 20 42 24 25 55 
8 93 63 64 71 17 5 3 71 
6 23 25 37 92 98 23 
14 70 92 25 81 27 34 68 63 42 50 93 90 87 35 
14 76 87 93 3 68 3 87 85 37 72 91 20 63 93 
10 3 18 92 17 24 94 59 28 38 38 
4 3 3 55 65 
6 28 30 35 92 18 15 
15 79 10 29 23 3 3 79 64 86 30 3 37 93 18 1 
8 42 95 38 64 38 18 20 1 
7 17 86 18 30 61 24 21 
9 28 30 51 53 87 67 91 77 74 
10 20 25 86 70 3 94 53 17 14 58 
14 33 20 58 51 98 44 32 1 17 77 14 20 41 29 
16 37 91 79 4 40 8 21 24 3 18 56 15 23 3 24 23 
6 24 62 34 21 92 3 
14 82 29 55 76 98 48 41 90 25 64 56 67 55 94 
6 74 92 29 67 19 28 
5 63 15 17 87 21 
8 93 67 30 93 98 8 55 87 
12 84 84 38 10 17 3 10 17 3 35 18 3 
11 42 63 8 83 95 91 28 53 40 93 93 
11 21 15 26 29 53 27 48 38 72 58 74 
18 14 24 23 17 32 37 3 64 96 92 24 98 38 62 38 77 4 17 
9 8 30 64 29 27 44 3 38 18 
6 58 61 34 3 55 95 
10 20 28 95 23 75 40 3 64 4 62 
8 51 80 38 8 53 3 3 64 
17 64 25 95 87 93 53 10 64 4 84 18 63 28 24 24 82 39 
8 37 64 98 21 72 72 98 42 
3 94 21 64 
11 77 84 24 64 93 29 77 17 28 82 13 
15 18 87 5 84 98 77 34 21 84 30 77 98 15 18 7 
12 41 52 87 87 93 70 53 21 63 93 17 59 
11 63 84 90 94 64 23 72 64 38 56 10 
10 8 91 71 92 3 2 10 73 25 84 
16 73 27 77 64 17 92 3 3 51 29 93 42 84 87 93 28 
18 84 36 61 37 51 3 64 3 73 30 92 84 4 91 93 23 67 41 
8 75 6 31 16 18 19 73 58 
12 3 24 21 18 67 94 81 6 6 64 87 59 
9 34 70 86 64 74 8 93 86 65 
5 5 18 51 23 93 
7 94 21 64 63 3 81 64 
14 56 4 93 78 41 77 38 94 98 62 67 93 53 84 
5 24 30 28 6 87 
6 87 93 70 8 62 91 
6 98 18 21 93 24 30 
9 91 27 77 68 4 92 61 30 24 
6 15 94 72 7 32 85 
14 21 98 94 64 12 48 15 28 63 65 73 15 98 64 
5 85 94 64 73 64 
9 77 51 58 36 21 4 29 94 15 
10 41 79 28 77 92 86 29 95 1 77 
7 25 64 56 67 55 94 27 
16 77 15 93 81 21 38 98 58 64 37 98 2 88 22 24 39 
6 73 84 24 93 71 42 
16 98 12 53 21 24 18 30 91 77 92 41 24 61 84 92 77 
15 77 19 60 3 98 45 38 76 95 23 75 40 3 3 93 
13 91 4 27 91 98 8 91 53 7 34 91 37 56 
8 51 5 26 77 15 36 40 26 
5 77 66 75 15 72 
8 54 41 63 87 93 72 24 28 
7 42 20 10 67 73 73 84 
14 61 58 3 64 77 30 8 15 30 48 11 93 58 28 
12 24 38 94 84 23 4 15 64 6 81 5 5 
12 28 59 21 18 61 58 3 64 72 92 21 10 
6 24 23 3 21 96 24 
15 15 98 28 5 1 36 98 4 77 72 93 24 24 82 39 
15 93 1 21 38 25 41 59 79 15 98 69 10 68 72 63 
8 10 56 98 77 37 36 3 90 
8 28 95 10 96 28 91 8 37 
7 87 15 98 48 77 5 15 
15 24 18 71 68 87 3 82 21 24 79 18 77 21 1 93 
13 94 96 86 0 98 10 85 87 77 84 96 38 15 
12 56 37 23 73 20 28 3 36 21 58 25 25 
12 64 73 51 94 17 77 38 64 93 63 85 38 
12 77 94 58 68 72 38 96 93 93 25 68 87 
10 73 20 41 1 87 92 41 64 14 3 
15 59 28 38 98 3 98 44 63 21 92 84 18 10 96 58 
7 77 81 92 62 15 94 82 
7 87 98 3 98 77 95 85 
8 87 67 8 42 84 17 24 91 
11 18 65 77 3 6 19 56 63 77 87 98 
10 41 77 87 92 64 14 3 64 67 93 
9 16 30 21 95 35 31 24 15 84 
15 15 21 98 25 77 77 52 21 24 98 24 5 86 18 15 
6 41 92 4 20 2 56 
12 14 25 19 75 96 64 10 69 74 77 24 3 
10 87 6 38 18 20 18 63 28 73 21 
6 64 38 20 26 10 96 
13 92 87 85 23 58 14 17 91 85 87 4 84 64 
10 82 85 59 18 67 64 20 85 86 30 
15 30 89 15 48 64 84 24 94 62 28 86 64 98 24 32 
9 64 37 3 69 78 20 18 30 61 
12 72 24 88 77 87 77 77 75 24 78 14 10 
7 41 38 98 86 60 85 73 
13 91 3 62 64 38 86 64 32 61 84 64 54 37 
13 62 6 23 95 7 3 3 14 95 79 98 58 17 
13 60 23 59 87 92 41 64 14 3 96 4 70 95 
2 73 34 
5 73 40 51 70 59 
4 64 95 24 16 
5 84 51 42 95 18 
15 95 3 21 41 51 18 62 96 56 87 77 24 53 64 7 
12 72 92 21 10 23 58 87 77 62 51 84 3 
14 23 67 68 93 4 87 72 52 18 29 53 17 17 95 
9 4 96 51 3 92 82 98 3 36 
6 24 39 45 64 37 96 
3 3 68 3 
17 63 93 5 51 25 95 98 24 39 98 24 20 67 28 58 84 63 
10 64 25 4 37 92 92 74 10 59 41 
9 58 21 21 68 24 89 37 77 3 
13 98 82 17 86 38 18 3 53 5 87 87 28 30 
8 62 42 15 51 34 63 30 63 
10 91 74 93 90 64 39 98 51 29 82 
8 98 77 51 52 7 52 72 64 
4 62 10 36 73 
13 30 18 96 8 4 77 84 93 61 92 17 18 96 
4 36 96 93 92 
14 93 21 87 8 77 48 34 71 51 80 5 77 63 64 
4 27 4 24 59 
10 42 75 69 18 48 32 71 77 61 59 
5 22 15 64 73 64 
5 93 4 7 3 91 
15 94 62 93 84 4 92 27 4 84 41 69 27 6 44 3 
9 23 30 87 93 93 3 77 86 68 
15 41 90 5 34 10 10 76 34 25 8 21 25 34 58 3 
7 10 64 58 21 15 15 93 
6 48 92 30 70 75 20 
10 77 64 30 96 58 36 81 77 95 95 
4 18 25 96 42 
8 1 1 91 69 56 93 87 24 
8 41 91 23 17 8 64 38 4 
7 77 4 6 24 41 70 53 
7 38 8 3 87 61 3 38 
11 52 18 38 27 41 18 58 10 16 84 63 
5 71 24 24 15 99 
10 15 21 69 10 94 61 98 42 3 58 
11 87 1 91 21 38 64 29 24 27 44 3 
13 17 3 71 75 80 84 5 58 93 98 48 41 90 
6 15 93 93 62 15 5 
12 93 92 44 5 69 73 15 98 87 73 63 30 
2 72 71 
6 48 62 23 3 87 27 
7 79 30 3 62 92 91 4 
8 86 24 5 30 98 98 64 77 
11 92 18 21 73 63 91 62 38 15 34 14 
5 3 10 79 23 22 
4 99 93 30 67 
18 16 30 21 95 35 31 24 15 84 40 45 64 29 34 91 28 30 30 
9 99 90 87 93 71 64 15 98 47 
4 8 76 81 15 
15 17 23 53 23 73 93 29 61 64 25 28 25 41 59 79 
12 10 52 81 77 79 77 42 90 89 65 29 98 
6 24 21 20 1 64 77 
14 61 84 53 51 29 82 84 18 87 28 93 30 17 91 
7 94 24 28 1 71 56 73 
9 40 61 24 40 88 28 77 29 8 
9 58 8 21 59 90 9 67 28 77 
8 99 73 81 31 57 25 14 94 
12 23 42 68 33 74 61 21 10 59 73 73 77 
18 87 93 87 69 15 30 41 73 14 5 93 18 20 87 73 34 64 24 
11 28 47 24 86 48 99 55 15 97 25 93 
9 51 98 87 3 63 27 51 18 91 
8 30 3 8 56 84 36 37 52 
9 64 29 63 98 74 3 20 37 44 
7 95 93 24 53 77 91 93 
11 29 79 91 8 18 30 29 16 21 95 25 
14 92 93 77 97 4 40 34 64 77 3 92 33 51 33 
12 23 87 72 92 18 77 82 92 29 38 85 93 
7 15 64 20 21 0 64 77 
9 41 24 9 38 38 99 74 23 62 
10 77 41 27 98 98 87 92 98 62 14 
15 93 41 40 18 98 8 24 35 6 23 8 29 95 86 21 
9 38 77 18 53 56 8 21 18 68 
10 38 36 29 22 3 10 41 77 29 37 
7 56 20 77 28 18 21 21 
11 96 92 97 18 53 28 8 1 53 8 10 
4 24 92 77 30 
11 79 15 31 51 10 21 24 72 35 1 36 
14 5 26 62 42 64 32 24 48 18 86 94 91 10 93 
13 96 72 6 98 21 51 30 24 7 73 20 92 24 
12 42 98 87 28 15 84 64 91 74 61 15 3 
6 29 77 17 28 82 13 
13 3 87 73 23 29 12 14 74 62 40 20 4 38 
12 91 59 91 3 28 21 79 35 38 29 3 48 
9 18 53 77 95 3 3 5 4 94 
6 63 87 3 81 94 24 
8 61 30 86 87 87 4 93 3 
10 29 29 28 63 64 53 67 71 3 84 
11 42 8 1 10 98 76 62 21 35 98 25 
10 61 56 63 87 95 76 23 54 36 18 
9 91 59 42 86 91 48 61 58 59 
7 28 8 8 10 34 59 96 
8 38 74 23 85 53 36 92 67 
13 15 77 90 27 25 25 41 55 84 30 22 82 4 
11 67 24 18 96 81 38 30 41 73 14 5 
13 98 36 75 93 93 93 64 28 82 97 67 63 72 
7 62 63 29 69 93 37 37 
11 4 41 6 84 64 51 3 3 61 8 23 
14 64 52 41 74 62 30 3 53 8 64 53 84 61 75 
6 87 79 82 95 64 12 
5 63 37 93 93 94 
9 41 62 19 38 92 3 52 64 63 
6 38 77 30 1 92 62 
11 77 84 23 64 29 92 3 93 6 18 17 
11 67 75 3 84 68 74 80 67 51 28 52 
6 10 21 73 61 97 19 
8 91 93 8 77 87 58 8 51 
9 80 84 18 10 21 40 40 20 30 
8 64 58 77 90 64 39 77 64 
6 24 37 24 93 52 10 
17 36 86 37 4 98 18 94 21 64 4 42 73 34 53 98 4 91 
7 48 62 23 3 87 27 39 
10 21 53 4 4 23 9 52 84 5 25 
7 81 77 93 59 63 73 24 
6 77 84 63 21 24 91 
9 25 64 56 67 55 94 75 98 23 
6 94 19 10 41 86 35 
11 29 94 90 58 77 58 33 63 22 7 37 
14 1 8 93 5 24 64 28 98 3 42 20 77 28 28 
14 3 91 52 62 3 48 32 73 38 42 15 98 69 92 
4 75 58 84 27 
10 7 63 96 6 4 24 20 38 62 87 
8 74 91 15 28 4 91 20 30 
9 62 77 29 87 75 62 17 38 92 
9 63 62 64 93 98 18 32 4 8 
15 62 8 77 61 52 94 84 63 3 30 98 61 73 5 32 
12 25 94 32 28 63 33 21 92 15 74 16 4 
11 38 62 28 94 95 87 42 38 28 41 29 
12 40 29 4 62 41 10 18 21 93 21 98 41 
9 95 64 56 93 1 24 40 64 42 
11 17 69 3 71 15 59 62 40 18 18 56 
8 64 24 48 21 10 15 41 58 
9 3 87 23 29 12 62 71 28 61 
14 10 3 24 84 36 24 77 87 93 53 10 64 4 28 
9 34 77 85 94 24 93 51 24 34 
8 99 94 77 24 32 30 3 34 
9 16 93 47 58 92 16 38 23 29 
15 93 3 29 93 64 78 93 1 35 71 18 18 38 84 18 
17 58 29 98 34 70 86 74 8 86 65 41 93 93 56 55 79 80 
9 15 72 30 64 64 23 84 62 87 
19 68 21 73 69 34 92 25 51 8 42 3 3 77 18 28 77 82 56 23 
4 95 61 93 34 
14 24 21 20 1 64 77 52 21 51 98 68 82 17 58 
10 81 65 7 81 18 18 70 82 37 34 
9 29 93 91 24 72 3 4 92 77 
13 7 58 29 67 16 64 93 15 95 64 74 18 18 
16 17 76 29 62 69 3 28 53 40 93 93 18 63 37 21 3 
7 34 56 35 34 34 51 3 
8 87 95 3 75 9 10 8 21 
10 84 51 93 95 24 91 59 91 3 28 
7 93 51 77 23 32 1 93 
14 35 56 38 38 21 93 37 64 3 38 37 28 21 87 
7 87 69 62 15 28 1 52 
8 73 95 40 74 87 74 68 85 
8 61 79 63 93 28 36 23 87 
4 8 21 18 71 
13 48 71 92 91 15 18 8 77 24 15 18 77 6 
5 53 38 34 95 24 
8 23 94 75 3 23 41 91 68 
8 6 94 28 30 35 17 20 92 
14 27 4 59 84 24 41 98 86 21 28 34 75 56 98 
15 34 33 35 58 87 24 24 70 64 17 5 54 39 28 59 
9 95 64 18 92 8 71 8 38 4 
16 77 3 69 37 25 62 37 3 99 59 77 84 41 20 1 91 
13 4 4 30 7 64 89 40 30 86 34 30 28 84 
5 18 28 64 84 36 
11 29 94 90 58 77 58 29 1 30 23 74 
6 84 93 3 79 8 1 
10 72 15 77 35 1 36 17 98 47 7 
12 23 86 93 21 18 30 77 72 38 92 42 86 
10 56 1 4 3 84 75 36 81 94 30 
13 10 20 55 38 77 30 59 15 52 24 24 20 27 
12 3 80 23 64 93 53 62 73 62 64 68 8 
19 98 24 38 67 58 92 82 55 5 98 79 30 93 72 73 28 93 58 64 
6 23 41 38 29 64 23 
10 10 99 37 17 41 18 91 94 31 93 
11 29 86 20 98 91 91 91 77 8 91 29 
5 77 92 15 73 63 
16 18 42 17 15 3 81 28 63 73 95 40 74 87 74 68 85 
11 99 37 17 8 91 75 62 3 92 15 68 
11 8 21 15 34 30 30 20 64 42 95 28 
11 25 26 36 87 94 61 62 61 74 34 96 
9 90 48 92 73 98 67 10 29 63 
12 93 1 77 24 27 63 5 15 38 79 63 77 
10 82 56 23 81 10 21 24 29 35 77 
12 96 77 77 15 20 87 24 64 86 93 37 28 
5 27 15 34 67 18 
12 62 10 8 18 93 25 51 77 64 38 68 8 
3 21 23 87 
6 62 3 94 12 32 93 
11 64 91 10 77 20 63 91 93 18 63 2 
7 93 98 23 91 94 92 63 
9 85 23 53 15 37 74 86 70 51 
9 24 95 38 64 58 24 4 24 48 
11 85 35 8 18 56 58 51 28 91 5 61 
7 18 67 67 30 76 92 48 
18 64 15 42 30 51 84 15 37 20 92 94 25 8 41 23 47 75 24 
12 79 84 93 95 91 94 21 21 41 21 17 15 
7 17 77 1 21 3 21 73 
11 82 93 88 55 3 48 92 30 70 75 20 
10 67 36 21 38 28 58 4 29 18 74 
14 3 37 74 24 10 10 34 52 22 30 67 92 28 77 
7 6 59 35 94 77 91 79 
18 93 10 77 15 38 93 98 95 18 64 72 93 18 8 24 39 45 64 
10 52 86 28 26 86 29 61 72 32 59 
7 77 71 3 41 92 63 74 
4 8 27 25 30 
8 38 74 23 63 85 53 91 36 
6 15 3 28 24 87 24 
12 56 91 28 17 15 92 93 92 67 64 25 4 
10 8 15 17 81 51 84 37 41 1 6 
8 93 18 61 25 21 93 93 37 
5 51 18 62 96 56 
17 38 41 64 73 38 45 23 51 76 6 6 94 91 5 61 30 31 
12 93 98 23 91 94 92 63 3 53 64 98 3 
15 77 25 7 55 75 36 30 36 53 77 3 3 58 3 26 
10 53 20 21 21 21 36 23 51 98 56 
7 7 52 72 64 94 97 13 
6 73 70 64 54 93 4 
10 79 28 76 24 93 93 30 92 48 86 
15 84 64 32 28 10 3 90 3 91 24 94 18 61 10 23 
10 71 64 93 42 87 28 86 68 47 26 
17 64 53 73 92 25 98 79 62 29 94 73 3 55 74 15 23 16 
12 98 93 84 77 61 62 15 53 28 21 86 5 
10 81 3 41 92 62 48 75 3 15 23 
11 93 31 18 87 25 94 36 30 91 99 98 
10 18 35 61 62 94 81 42 64 6 63 
6 82 61 59 15 87 70 
12 8 10 15 17 35 93 21 32 64 70 3 36 
13 93 5 20 59 77 42 33 17 20 48 86 84 77 
15 29 8 82 21 93 8 1 18 48 53 16 19 79 36 75 
6 63 25 5 24 91 91 
6 81 24 87 34 3 62 
12 29 34 40 29 77 23 33 92 93 77 92 18 
11 28 25 64 56 67 55 94 86 73 63 86 
11 90 91 75 15 63 41 26 95 77 15 44 
12 18 89 89 64 24 28 96 69 98 4 32 98 
10 61 30 86 87 61 15 94 94 65 38 
14 38 18 23 4 41 85 94 64 28 30 35 17 20 92 
14 61 17 25 4 67 92 87 21 62 28 48 10 24 36 
7 38 36 63 69 24 62 8 
11 87 41 74 86 93 57 8 18 27 77 87 
13 18 21 77 18 93 3 77 24 87 20 92 34 15 
5 91 58 82 29 17 
16 93 27 24 41 84 41 62 19 38 92 1 93 84 3 64 87 
9 30 3 92 94 41 18 63 41 29 
12 15 38 35 37 23 93 42 48 41 89 89 21 
8 24 62 3 63 93 34 36 64 
6 38 51 51 18 63 2 
13 61 63 30 21 21 73 41 24 9 38 3 25 64 
12 8 73 77 38 82 37 62 28 53 40 93 93 
9 10 29 61 18 92 82 95 34 23 
18 84 72 21 20 25 37 64 24 74 57 36 3 10 6 3 42 5 21 
2 82 62 
7 52 92 87 8 3 77 36 
14 32 93 64 10 42 71 75 58 45 38 29 23 87 35 
10 3 20 37 44 21 10 73 29 93 3 
10 93 64 29 93 79 15 72 64 92 5 
11 21 70 52 94 15 77 24 54 35 79 75 
4 51 84 10 3 
7 79 53 21 24 16 93 38 
9 8 15 17 81 51 64 38 38 18 
7 37 30 8 84 67 53 48 
7 44 21 6 61 77 98 73 
12 51 24 8 64 77 74 3 42 91 85 95 77 
11 55 74 15 77 23 16 67 91 37 97 29 
8 92 95 64 64 41 33 91 37 
12 93 77 84 95 18 67 56 8 71 53 77 88 
8 73 73 77 21 29 41 86 3 
10 18 61 98 38 58 29 55 38 64 33 
12 10 52 51 77 29 36 24 51 95 84 64 30 
11 23 67 61 84 18 93 84 95 8 94 28 
11 38 45 23 23 6 37 61 37 24 82 93 
9 76 72 77 84 12 41 38 15 28 
8 87 58 4 24 56 28 30 32 
9 21 72 73 38 3 93 64 30 90 
8 52 37 84 91 59 91 3 30 
16 98 25 93 32 5 62 75 63 38 18 92 25 30 10 24 95 
16 77 15 3 77 69 38 88 93 9 38 84 36 25 3 30 61 
16 95 61 93 34 41 81 75 58 17 77 24 77 56 64 1 3 
17 3 64 15 37 32 96 21 71 64 77 42 20 23 63 93 79 95 
9 53 18 92 51 38 25 41 59 79 
5 29 58 98 86 3 
13 69 62 98 92 56 98 91 56 63 84 90 94 64 
6 7 24 58 53 30 62 
12 25 32 28 90 24 58 73 3 54 82 15 3 
13 25 41 59 79 21 24 98 98 93 91 86 77 21 
10 59 5 21 37 92 71 10 64 64 3 
2 94 92 
5 90 72 56 51 8 
3 61 73 33 
12 67 17 87 25 1 18 15 59 42 42 67 86 
14 98 18 36 52 10 15 18 64 20 24 93 30 17 91 
9 62 71 18 15 18 38 35 37 23 
8 91 18 77 15 92 53 30 62 
9 30 24 64 8 6 92 93 21 70 
12 28 82 18 24 64 73 41 87 93 38 25 23 
8 94 94 77 84 63 21 24 91 
14 41 1 25 0 75 51 42 87 76 94 5 98 3 3 
9 30 92 84 4 91 93 23 67 41 
4 62 71 24 19 
11 84 38 51 3 3 18 3 96 91 25 51 
8 21 21 41 21 17 15 73 67 
11 51 56 77 15 93 69 5 77 25 59 28 
16 40 29 25 55 5 21 67 94 32 74 77 28 76 42 21 87 
5 4 62 87 37 17 
8 24 61 3 53 64 98 3 3 
9 3 93 15 85 62 76 1 58 17 
9 62 15 73 73 3 23 94 75 85 
8 24 20 24 4 23 77 73 32 
7 28 20 3 71 24 64 3 
12 15 94 79 1 18 70 17 77 36 93 29 18 
17 93 38 19 64 86 30 77 95 41 19 56 63 87 98 38 3 4 
10 44 21 6 42 73 18 82 92 33 24 
7 51 38 74 29 64 95 79 
6 86 18 82 41 15 62 
4 77 3 15 10 
11 17 75 80 28 21 18 86 23 64 53 4 
10 95 29 84 73 98 44 21 48 15 55 
13 36 15 38 87 24 8 64 54 61 85 24 64 32 
9 85 93 42 87 15 63 21 91 24 
7 63 84 90 94 64 79 28 
12 19 58 96 93 32 93 64 10 42 3 93 3 
8 24 56 28 30 32 10 6 16 
13 1 66 20 77 42 91 25 62 24 17 98 96 18 
12 96 82 24 73 86 77 91 37 85 25 72 67 
15 51 8 95 64 3 12 94 22 98 21 23 58 14 17 91 
9 13 22 91 21 10 52 3 30 3 
15 63 41 84 61 41 64 77 72 93 30 94 1 77 56 91 
7 41 75 58 87 41 28 3 
13 21 38 6 93 4 74 53 87 4 36 7 30 36 
15 93 12 24 87 96 87 39 75 93 18 24 77 28 24 0 
15 18 34 58 77 98 72 37 92 29 10 21 37 93 62 61 
14 86 37 3 28 10 42 70 8 64 3 58 37 51 94 
10 4 81 30 29 68 77 30 77 15 79 
16 51 24 34 92 67 37 75 74 33 22 7 37 67 41 29 75 
12 59 24 20 98 93 10 77 15 41 38 15 77 
9 63 72 92 63 84 36 34 62 23 
6 30 96 37 64 84 24 
18 20 5 82 77 21 51 8 6 72 91 87 34 64 56 30 67 59 87 
8 15 23 51 3 81 93 58 28 
7 67 56 8 71 8 67 38 
14 87 19 43 28 24 1 10 62 98 93 62 38 58 20 
8 24 28 1 15 48 18 34 58 
6 10 98 40 51 62 71 
11 20 98 91 91 91 63 20 74 24 84 28 
13 33 63 89 21 28 4 67 95 3 3 20 25 96 
4 51 10 18 94 
7 72 69 84 21 52 71 62 
6 61 24 77 73 93 64 
11 80 84 70 10 64 95 77 38 25 35 93 
13 91 36 15 38 87 24 98 3 17 3 95 15 96 
17 64 31 18 77 30 72 94 69 84 21 38 21 65 87 17 75 28 
4 38 21 20 3 
5 24 4 73 98 98 
8 64 3 30 94 40 25 64 77 
12 67 29 69 4 23 28 4 30 79 3 64 84 
13 91 3 20 27 38 27 4 47 81 20 98 52 3 
8 82 21 73 8 10 38 24 1 
12 1 15 3 87 42 40 20 74 92 71 15 70 
13 53 98 4 91 25 42 62 61 29 77 61 21 42 
21 96 10 77 21 51 8 6 55 28 34 0 22 72 42 86 28 71 22 19 77 17 
10 84 73 58 64 15 74 61 28 77 52 
9 3 32 84 21 53 93 53 63 84 
12 63 87 53 70 71 75 20 73 90 95 27 77 
11 15 15 95 17 84 60 24 87 21 98 1 
8 36 82 72 62 33 86 24 38 
11 30 42 38 77 1 25 64 56 67 55 94 
10 3 18 95 12 91 38 4 21 30 53 
9 48 24 58 21 15 77 64 30 71 
5 4 20 30 28 98 
11 54 92 77 15 3 70 37 62 4 35 15 
10 93 94 84 10 84 77 41 15 30 4 
4 3 64 93 94 
16 41 93 84 42 98 86 19 64 86 30 77 95 38 75 58 29 
6 29 17 54 77 4 13 
14 38 31 2 10 8 20 29 62 69 92 25 79 64 95 
9 92 32 53 3 74 3 42 15 10 
11 3 64 67 38 3 72 23 38 41 33 38 
5 91 64 29 60 93 
11 24 92 10 28 18 67 64 20 85 86 30 
8 38 28 21 87 24 77 7 84 
8 72 63 98 8 91 79 71 92 
15 18 24 95 34 63 84 61 41 64 77 87 8 25 24 29 
11 63 91 21 3 77 93 4 74 28 35 71 
19 3 53 8 64 53 84 64 95 62 62 64 73 1 53 75 74 25 95 98 
7 93 77 27 24 77 37 15 
4 93 58 37 53 
9 28 15 98 21 77 18 17 87 21 
9 73 93 55 6 53 84 29 40 40 
11 34 94 85 23 77 18 8 72 73 3 28 
16 37 62 79 91 18 3 64 84 48 3 41 82 77 21 71 52 
15 85 3 61 24 10 3 95 41 62 63 94 86 87 28 24 
12 64 4 42 15 18 29 23 87 72 92 77 64 
11 61 49 40 24 41 3 91 93 95 26 63 
4 92 93 77 20 
5 96 18 74 15 95 
3 52 24 38 
10 64 41 63 30 77 72 38 92 42 86 
10 93 73 15 74 93 90 77 28 38 3 
12 3 3 24 64 30 10 41 4 15 77 73 92 
17 15 30 98 53 24 21 35 38 29 3 52 77 51 90 77 77 89 
7 36 94 5 70 84 10 98 
7 93 17 52 23 99 73 59 
7 21 87 64 61 93 63 21 
10 23 63 59 21 41 12 82 15 10 91 
16 24 4 0 29 29 93 4 44 61 82 73 95 64 22 6 82 
12 24 99 23 64 87 24 64 32 62 73 29 77 
15 98 91 91 20 56 8 64 37 98 25 64 15 38 63 77 
16 26 86 87 48 73 23 93 59 23 77 77 52 93 34 36 92 
11 93 63 92 21 28 38 15 55 15 94 56 
7 24 62 74 84 23 3 18 
8 93 21 21 21 73 25 91 28 
12 34 23 93 24 64 64 93 8 3 87 41 29 
13 21 20 93 93 3 32 77 54 93 58 95 3 51 
8 41 4 87 93 38 67 41 19 
10 75 63 92 67 25 84 47 38 79 78 
9 8 87 98 21 24 21 3 68 74 
9 53 22 38 28 41 18 77 15 79 
18 63 77 8 73 77 77 41 92 38 61 20 58 20 6 51 10 61 87 
11 76 47 79 53 21 24 16 93 38 8 71 
6 81 64 30 24 73 30 
9 41 21 7 62 21 84 18 4 51 
7 95 58 4 92 56 24 3 
8 27 91 98 8 3 28 82 18 
16 6 38 82 38 33 56 25 23 62 3 29 48 62 75 36 25 
10 13 1 38 21 1 18 44 56 4 76 
11 81 27 64 58 8 51 98 24 74 53 21 
14 96 91 77 91 20 21 21 25 92 72 98 56 5 72 
13 98 38 98 62 25 91 25 42 93 99 62 24 87 
9 64 8 77 53 87 18 64 93 93 
8 92 72 75 67 84 21 87 29 
6 32 92 77 77 94 61 
14 21 91 22 84 53 79 93 18 20 87 73 34 64 24 
5 34 18 77 76 95 
6 27 94 28 79 51 53 
6 94 24 6 21 67 38 
10 34 71 25 38 36 4 35 8 42 34 
13 15 64 38 35 24 84 82 92 3 41 77 77 8 
10 24 23 77 59 64 3 58 87 6 36 
13 27 93 58 92 21 38 81 3 93 51 61 51 77 
4 20 18 86 49 
8 62 10 8 18 93 25 51 77 
16 6 15 21 22 23 98 51 41 84 29 35 73 64 94 56 35 
10 37 24 74 30 3 87 64 52 3 87 
4 91 56 54 3 
20 62 18 21 72 86 15 24 3 51 4 29 67 93 55 84 42 48 51 6 98 
5 63 30 15 3 10 
4 28 40 1 81 
8 61 91 15 3 32 17 42 61 
10 77 3 98 62 85 77 64 30 71 6 
7 23 3 32 94 27 41 7 
10 42 20 92 4 64 38 62 96 4 98 
7 92 64 41 51 15 98 91 
8 79 92 15 28 93 93 3 51 
11 20 32 10 17 59 63 71 41 63 32 28 
14 20 98 21 4 3 77 53 98 4 91 77 1 6 23 
17 87 35 21 29 64 55 84 24 18 5 76 93 30 73 86 8 21 
7 17 24 77 84 36 84 42 
6 97 3 94 93 23 77 
13 29 21 8 64 92 24 87 6 10 38 4 72 9 
12 64 80 71 23 64 25 15 20 51 15 15 8 
7 95 64 37 23 94 38 32 
10 51 19 23 59 72 93 87 39 75 93 
12 53 90 91 36 94 5 15 41 41 82 96 42 
12 70 42 20 10 30 61 30 64 77 82 61 21 
8 21 21 21 36 23 51 98 56 
11 28 77 93 24 1 59 84 64 30 4 96 
5 25 3 63 64 3 
15 30 98 18 72 40 74 3 42 91 85 10 82 97 61 77 
16 90 74 60 42 67 86 58 79 74 48 98 8 3 87 37 42 
8 92 95 64 41 33 91 37 1 
10 30 98 92 28 93 73 21 10 17 3 
6 48 51 29 91 63 76 
10 25 8 21 36 64 93 64 18 98 92 
8 84 18 4 51 95 3 93 67 
16 3 92 10 81 69 56 23 76 38 56 93 91 93 77 98 8 
6 56 87 52 37 10 10 
11 3 18 17 67 64 27 52 94 56 32 74 
8 77 71 3 41 24 52 25 14 
14 14 53 24 23 17 32 34 98 29 10 92 25 73 38 
16 3 51 29 93 42 96 8 79 64 42 4 64 84 14 28 69 
15 94 73 44 28 18 37 52 18 24 95 3 18 82 37 51 
10 93 40 27 79 30 30 92 84 8 21 
12 38 41 55 92 64 87 64 95 27 77 73 73 
10 53 25 79 30 87 56 3 64 15 37 
6 24 74 45 62 86 85 
11 34 36 77 95 52 96 72 6 95 91 38 
9 98 36 75 93 93 93 41 64 93 
4 92 8 51 71 
12 15 23 25 49 28 96 64 25 24 72 91 67 
17 62 10 41 86 35 35 87 56 38 92 95 64 64 41 33 91 37 
8 25 42 62 61 29 77 41 67 
11 91 20 6 95 81 15 24 18 77 92 62 
10 53 93 18 18 18 64 21 77 21 34 
13 3 58 98 38 94 3 86 18 62 94 8 90 3 
8 84 24 64 93 62 52 95 3 
12 87 19 64 15 86 24 28 93 84 98 3 84 
7 63 5 56 93 53 84 30 
13 52 52 91 21 21 38 38 68 6 29 33 75 42 
8 64 24 62 64 98 4 67 30 
3 36 0 94 
13 61 10 54 94 28 37 41 63 21 39 92 24 30 
8 53 93 81 3 18 23 37 4 
13 68 10 3 96 94 64 3 30 55 32 21 18 28 
6 93 17 73 95 28 10 
14 52 1 70 34 77 98 3 36 38 21 93 37 64 3 
9 1 1 91 95 18 61 24 24 25 
16 48 51 5 15 53 37 69 63 93 17 59 3 81 93 58 28 
19 37 18 63 91 30 4 28 3 61 53 15 93 20 23 61 3 75 24 3 
9 92 25 51 8 42 3 15 41 86 
7 30 89 15 48 8 24 63 
18 65 29 25 58 41 25 52 7 33 8 3 18 92 72 63 64 63 4 
7 93 72 73 28 93 58 64 
8 92 41 3 77 51 21 77 91 
5 77 5 63 18 86 
11 28 10 25 41 77 20 58 20 6 29 4 
11 18 63 2 38 10 51 24 4 23 17 91 
11 3 64 67 38 3 55 75 91 24 21 6 
9 94 38 62 28 3 64 37 4 95 
16 85 6 67 4 1 64 91 62 18 93 25 76 70 47 62 29 
6 21 32 54 71 80 69 
4 38 3 32 3 
14 3 51 29 93 42 59 84 38 29 29 17 38 64 53 
11 58 40 3 59 15 59 8 21 30 51 64 
6 64 42 32 17 23 21 
3 28 93 29 
18 37 52 10 87 64 74 53 38 26 28 3 93 82 93 3 77 92 38 
8 73 38 3 93 64 96 20 10 
10 3 4 25 73 76 34 37 80 15 38 
6 3 80 38 82 38 33 
8 51 70 87 36 21 93 61 62 
10 10 20 93 68 21 92 15 74 16 4 
5 21 24 94 97 13 
13 75 24 93 38 64 3 93 3 93 51 61 51 77 
16 38 51 23 93 24 77 17 29 87 30 36 64 37 28 3 10 
14 16 23 93 1 90 77 52 87 93 62 1 64 36 17 
18 84 73 64 30 53 84 24 77 52 41 17 3 5 77 92 62 15 94 
7 61 63 11 93 58 28 4 
7 5 91 94 15 58 93 41 
13 28 84 94 91 62 34 3 21 87 62 1 24 93 
9 18 51 5 38 4 67 15 81 87 
16 8 4 91 17 18 24 30 63 24 87 34 70 77 73 8 64 
14 63 34 82 41 36 56 32 36 37 48 82 62 42 4 
15 91 28 36 74 21 53 4 4 23 15 87 18 24 56 24 
19 72 3 87 8 75 15 17 5 62 5 53 91 18 81 38 62 91 79 80 
12 77 55 72 23 40 93 10 18 51 21 36 79 
6 98 93 95 92 53 77 
10 10 8 93 63 63 98 72 92 21 10 
10 3 28 86 64 98 24 32 62 86 85 
12 94 93 95 41 93 94 75 99 63 3 84 87 
10 87 33 58 30 21 88 3 96 4 51 
15 94 3 30 93 61 92 41 86 35 64 24 5 64 84 77 
20 73 77 98 38 25 18 1 93 3 77 58 38 93 2 63 91 58 82 29 17 
14 38 18 64 68 58 96 93 16 36 56 79 95 94 30 
6 18 73 67 74 24 74 
7 73 27 77 64 17 92 3 
12 87 53 63 17 38 62 98 38 98 62 10 87 
8 87 61 51 42 3 58 53 91 
7 84 96 3 61 62 1 64 
11 33 63 89 21 28 45 87 6 24 38 18 
10 62 21 77 95 24 59 77 55 72 23 
4 78 73 91 61 
7 58 92 67 3 70 62 64 
16 53 98 3 67 28 55 15 61 37 3 75 3 61 23 93 98 
3 63 38 21 
5 21 53 4 4 23 
6 61 3 77 74 93 60 
8 56 63 95 15 93 56 75 92 
10 71 75 58 45 61 62 17 59 68 41 
7 85 94 15 77 38 94 98 
5 95 64 29 59 21 
5 59 92 24 10 98 
13 42 75 69 18 48 32 71 77 61 3 81 93 58 
7 94 65 38 90 51 98 28 
14 64 18 72 15 77 35 1 36 72 94 64 15 98 47 
15 73 51 31 3 12 68 4 96 40 28 25 48 30 21 84 
19 92 55 29 21 74 62 3 53 64 3 90 48 92 73 98 10 29 63 14 
10 63 3 68 64 94 28 72 54 75 38 
5 6 67 4 36 93 
3 18 98 87 
11 96 74 18 15 3 93 64 93 92 21 62 
5 87 7 64 59 65 
8 92 93 58 28 5 22 15 61 
13 73 73 77 93 3 29 84 24 61 28 15 98 21 
9 61 62 38 28 85 3 61 24 28 
12 25 2 17 3 29 3 27 61 77 93 20 93 
4 20 18 74 8 
16 7 93 37 18 77 80 91 36 10 86 28 71 22 19 77 17 
12 93 8 17 3 87 41 29 38 64 62 77 93 
4 41 3 91 93 
17 1 64 38 84 41 63 17 24 55 77 64 77 41 63 53 22 38 
8 13 1 38 21 10 30 13 62 
7 91 74 93 61 58 3 64 
15 8 75 68 77 15 79 73 30 81 6 17 10 96 29 92 
9 25 17 84 91 64 29 93 60 93 
8 95 21 10 74 42 94 15 58 
11 77 87 2 75 34 58 25 24 72 91 67 
16 34 23 17 77 87 64 20 17 59 21 35 64 8 8 67 98 
10 77 93 20 30 64 86 63 55 93 91 
15 3 35 98 25 10 73 15 25 3 93 64 18 77 98 92 
25 98 93 74 64 59 64 45 90 87 73 92 30 20 64 30 4 74 61 21 42 15 18 15 30 93 
6 64 4 21 8 32 79 
10 23 94 75 3 93 28 38 4 21 85 
14 94 95 61 92 52 72 64 93 99 75 58 95 63 75 
4 98 94 32 18 
10 23 86 93 21 18 64 62 77 69 79 
10 27 77 91 53 4 99 87 3 92 15 
9 5 93 19 84 23 29 3 21 74 
12 41 18 36 75 1 18 70 28 93 3 74 98 
8 38 3 64 93 94 25 42 23 
15 29 77 4 13 53 21 82 41 94 57 28 41 18 30 77 
13 84 94 64 38 95 24 93 95 75 21 77 15 41 
5 93 64 51 18 18 
16 93 63 35 10 28 8 73 72 37 92 94 17 4 24 36 23 
13 18 28 14 74 93 17 63 48 18 4 15 87 18 
9 59 24 20 98 84 51 93 95 24 
9 82 74 84 10 98 92 64 98 84 
10 27 77 85 8 29 92 28 77 34 82 
9 34 21 92 3 64 25 4 32 74 
10 79 55 29 37 85 77 18 38 38 94 
7 84 30 77 98 15 18 7 
10 15 41 23 94 75 3 25 73 94 28 
14 69 87 70 18 64 87 96 21 41 98 86 60 85 73 
14 6 93 20 84 23 24 38 38 61 32 7 28 38 63 
5 18 60 58 77 45 
15 93 15 29 8 92 86 73 29 98 16 30 51 64 29 21 
15 34 22 14 93 67 59 84 38 41 96 93 84 42 98 86 
10 17 67 58 9 64 49 84 14 15 21 
4 15 28 38 42 
9 75 87 3 40 17 93 25 76 8 
10 91 21 10 52 3 30 3 51 37 48 
10 18 63 28 38 29 96 37 28 42 93 
15 18 64 63 42 85 58 98 21 93 23 35 3 35 98 25 
7 77 84 15 87 52 42 73 
14 95 3 92 90 3 53 8 64 53 84 29 38 84 63 
12 25 97 94 77 59 30 38 59 17 3 84 15 
10 58 87 6 36 41 10 95 36 68 63 
9 93 15 28 29 63 58 51 71 15 
7 77 81 92 62 15 94 28 
13 24 42 53 93 98 18 18 21 21 38 38 68 6 
14 99 15 10 25 15 64 74 28 37 10 10 94 58 27 
15 8 23 25 63 34 28 8 62 77 24 93 6 87 73 5 
16 58 87 6 36 81 64 30 24 30 98 92 48 24 91 79 80 
6 1 30 98 18 72 40 
10 30 36 97 12 7 75 71 34 36 38
